tag	var.Totalreads.AE4_HIGH_1_B_a	var.Totalreads.AE4_HIGH_1_B2_a	var.Totalreads.AE4_HIGH_1_D_a	var.Totalreads.AE4_HIGH_1_E.P7_a	var.Totalreads.AE4_HIGH_1_LSK_a	var.Totalreads.AE4_HIGH_1_M_a	var.Totalreads.AE4_HIGH_1_P1_a	var.Totalreads.AE4_HIGH_2_B_a	var.Totalreads.AE4_HIGH_2_B2_a	var.Totalreads.AE4_HIGH_2_D_a	var.Totalreads.AE4_HIGH_2_E.P7_a	var.Totalreads.AE4_HIGH_2_LSK_a	var.Totalreads.AE4_HIGH_2_M_a	var.Totalreads.AE4_HIGH_2_P1_a	var.Totalreads.AE4_HIGH_3_B_a	var.Totalreads.AE4_HIGH_3_B2_a	var.Totalreads.AE4_HIGH_3_D_a	var.Totalreads.AE4_HIGH_3_E.P7_a	var.Totalreads.AE4_HIGH_3_LSK_a	var.Totalreads.AE4_HIGH_3_M_a	var.Totalreads.AE4_HIGH_3_P1_a	var.Totalreads.AE4_HIGH_4_B_a	var.Totalreads.AE4_HIGH_4_B2_a	var.Totalreads.AE4_HIGH_4_D_a	var.Totalreads.AE4_HIGH_4_E.P7_a	var.Totalreads.AE4_HIGH_4_LSK_a	var.Totalreads.AE4_HIGH_4_M_a	var.Totalreads.AE4_HIGH_4_P1_a	var.Totalreads.AE4_HIGH_5_B_a	var.Totalreads.AE4_HIGH_5_B2_a	var.Totalreads.AE4_HIGH_5_D_a	var.Totalreads.AE4_HIGH_5_E.P7_a	var.Totalreads.AE4_HIGH_5_LSK_a	var.Totalreads.AE4_HIGH_5_M_a	var.Totalreads.AE4_HIGH_5_P1_a	var.Totalreads.AE4_HIGH_6_B_a	var.Totalreads.AE4_HIGH_6_D_a	var.Totalreads.AE4_HIGH_6_E.P7_a	var.Totalreads.AE4_HIGH_6_LSK_a	var.Totalreads.AE4_HIGH_6_M_a	var.Totalreads.AE4_HIGH_6_P1_a	var.Totalreads.AE4_HIGH_7_B_a	var.Totalreads.AE4_HIGH_7_D_a	var.Totalreads.AE4_HIGH_7_E.P7_a	var.Totalreads.AE4_HIGH_7_LSK_a	var.Totalreads.AE4_HIGH_7_M_a	var.Totalreads.AE4_HIGH_7_P1_a	var.Totalreads.AE4_HIGH_1_B_b	var.Totalreads.AE4_HIGH_1_B2_b	var.Totalreads.AE4_HIGH_1_D_b	var.Totalreads.AE4_HIGH_1_E.P7_b	var.Totalreads.AE4_HIGH_1_LSK_b	var.Totalreads.AE4_HIGH_1_M_b	var.Totalreads.AE4_HIGH_1_P1_b	var.Totalreads.AE4_HIGH_2_B_b	var.Totalreads.AE4_HIGH_2_B2_b	var.Totalreads.AE4_HIGH_2_D_b	var.Totalreads.AE4_HIGH_2_E.P7_b	var.Totalreads.AE4_HIGH_2_LSK_b	var.Totalreads.AE4_HIGH_2_M_b	var.Totalreads.AE4_HIGH_2_P1_b	var.Totalreads.AE4_HIGH_3_B_b	var.Totalreads.AE4_HIGH_3_B2_b	var.Totalreads.AE4_HIGH_3_D_b	var.Totalreads.AE4_HIGH_3_E.P7_b	var.Totalreads.AE4_HIGH_3_LSK_b	var.Totalreads.AE4_HIGH_3_M_b	var.Totalreads.AE4_HIGH_3_P1_b	var.Totalreads.AE4_HIGH_4_B_b	var.Totalreads.AE4_HIGH_4_B2_b	var.Totalreads.AE4_HIGH_4_D_b	var.Totalreads.AE4_HIGH_4_E.P7_b	var.Totalreads.AE4_HIGH_4_LSK_b	var.Totalreads.AE4_HIGH_4_M_b	var.Totalreads.AE4_HIGH_4_P1_b	var.Totalreads.AE4_HIGH_5_B_b	var.Totalreads.AE4_HIGH_5_B2_b	var.Totalreads.AE4_HIGH_5_D_b	var.Totalreads.AE4_HIGH_5_E.P7_b	var.Totalreads.AE4_HIGH_5_LSK_b	var.Totalreads.AE4_HIGH_5_M_b	var.Totalreads.AE4_HIGH_5_P1_b	var.Totalreads.AE4_HIGH_6_B_b	var.Totalreads.AE4_HIGH_6_D_b	var.Totalreads.AE4_HIGH_6_E.P7_b	var.Totalreads.AE4_HIGH_6_LSK_b	var.Totalreads.AE4_HIGH_6_M_b	var.Totalreads.AE4_HIGH_6_P1_b	var.Totalreads.AE4_HIGH_7_B_b	var.Totalreads.AE4_HIGH_7_D_b	var.Totalreads.AE4_HIGH_7_E.P7_b	var.Totalreads.AE4_HIGH_7_LSK_b	var.Totalreads.AE4_HIGH_7_M_b	var.Totalreads.AE4_HIGH_7_P1_b
TTGGGGTGGCTGACCTGATT	5783.50695539522	5757.541750167	1069.22369242329	537.723692154795	0	409.167058668185	0	0	0	0	0	0	0	0	0	0	0	0	0	0	0	0	0	0	0	0	0	0	0	0	0	0	0	0	0	0	0	0	0	0	0	0	0	0	0	0	0	5789.77077390521	5093.1144027762	1315.36803055727	464.085421105478	0	75.5196525489399	0	0	0	0	0	0	0	0	0	0	0	0	0	0	0	0	0	0	0	0	0	0	0	0	0	0	0	0	0	0	0	0	0	0	0	0	0	0	0	0	0
ATTTACCGAATGGAGATGCT	1759.10606067958	1661.24248496994	2057.83776908081	282.18585903838	0	179.990591963556	0	0	0	0	0	0	0	0	0	0	0	0	0	0	0	0	0	0	0	0	0	0	0	0	0	0	0	0	0	0	0	0	0	0	0	0	0	0	0	0	0	1614.43185936092	1926.42439359481	2779.29161826361	65.2046139152156	0	223.222748096465	0	0	0	0	0	0	0	0	0	0	0	0	0	0	0	0	0	0	0	0	0	0	0	0	0	0	0	0	0	0	0	0	0	0	0	0	0	0	0	0	0
GTTTGCGTAGCAAACGGGCG	79.0882051829461	48.2030728122912	69.6644569278418	0	0	0	0	0	0	0	0	0	0	0	0	0	0	0	0	0	0	0	0	0	0	0	0	0	0	0	0	0	0	0	0	0	0	0	0	0	0	0	0	0	0	0	0	65.3902976129638	64.6921122308108	71.9472609845062	0	0	0	0	0	0	0	0	0	0	0	0	0	0	0	0	0	0	0	0	0	0	0	0	0	0	0	0	0	0	0	0	0	0	0	0	0	0	0	0	0	0	0	0
CTGAAACCCACTCGGTGGCG	403.932090888359	602.48496993988	88.4487160145423	210.352050031347	0	94.4104709795086	0	0	0	0	0	0	0	0	0	0	0	0	0	0	0	0	0	0	0	0	0	0	0	0	0	0	0	0	0	0	0	0	0	0	0	0	0	0	0	0	0	366.092749691051	468.18415243329	105.889158193144	530.922701409807	0	168.630228181569	0	0	0	0	0	0	0	0	0	0	0	0	0	0	0	0	0	0	0	0	0	0	0	0	0	0	0	0	0	0	0	0	0	0	0	0	0	0	0	0	0
TTGTTTGTTCACAGTCTACC	161.936739139928	107.307949231797	119.953024561528	71.1901368833138	0	0	0	0	0	0	0	0	0	0	0	0	0	0	0	0	0	0	0	0	0	0	0	0	0	0	0	0	0	0	0	0	0	0	0	0	0	0	0	0	0	0	0	135.542588480158	120.936457228732	103.498883741831	123.572437326019	0	0	0	0	0	0	0	0	0	0	0	0	0	0	0	0	0	0	0	0	0	0	0	0	0	0	0	0	0	0	0	0	0	0	0	0	0	0	0	0	0	0	0
GGGCCATGTAGGAGGTATGT	255.823657562628	274.682698730795	0	0	0	0	0	0	0	0	0	0	0	0	0	0	0	0	0	0	0	0	0	0	0	0	0	0	0	0	0	0	0	0	0	0	0	0	0	0	0	0	0	0	0	0	0	240.538732427083	187.740511267765	0	0	0	0	0	0	0	0	0	0	0	0	0	0	0	0	0	0	0	0	0	0	0	0	0	0	0	0	0	0	0	0	0	0	0	0	0	0	0	0	0	0	0	0	0
GTGGGCCGGAGTGCACGATT	68.8989272145911	113.400133600534	0	0	0	0	0	0	0	0	0	0	0	0	0	0	0	0	0	0	0	0	0	0	0	0	0	0	0	0	0	0	0	0	0	0	0	0	0	0	0	0	0	0	0	0	0	65.2741514360313	105.374780747094	0	0	0	0	0	0	0	0	0	0	0	0	0	0	0	0	0	0	0	0	0	0	0	0	0	0	0	0	0	0	0	0	0	0	0	0	0	0	0	0	0	0	0	0	0
GACCGAATTTTCAGATTGCA	8670.46904642914	11142.7120908484	15288.4640983999	1248.46645116524	0	383.913908213876	0	0	0	0	0	0	0	0	0	0	0	0	0	0	0	0	0	0	0	0	0	0	0	0	0	0	0	0	0	0	0	0	0	0	0	0	0	0	0	0	0	8632.33230814975	11024.2250840886	13397.1297584389	1396.2358876399	0	496.488639448252	0	0	0	0	0	0	0	0	0	0	0	0	0	0	0	0	0	0	0	0	0	0	0	0	0	0	0	0	0	0	0	0	0	0	0	0	0	0	0	0	0
ATCAGATAATTCAAGTGCAG	183.285702502196	171.756847027388	0	115.217310145689	0	0	0	0	0	0	0	0	0	0	0	0	0	0	0	0	0	0	0	0	0	0	0	0	0	0	0	0	0	0	0	0	0	0	0	0	0	0	0	0	0	0	0	149.131691181253	204.413736069521	0	119.898937950514	0	0	0	0	0	0	0	0	0	0	0	0	0	0	0	0	0	0	0	0	0	0	0	0	0	0	0	0	0	0	0	0	0	0	0	0	0	0	0	0	0	0	0
TTGCTAGGAGTCGCGATACG	2142.65959563123	3473.93453573814	1143.02956080332	6336.43712031391	0	4683.38656301321	0	0	0	0	0	0	0	0	0	0	0	0	0	0	0	0	0	0	0	81.0538431373485	0	0	0	0	0	0	0	0	0	0	0	123.70700889679	0	0	0	0	0	0	0	0	0	2093.30254685337	3349.42855300863	1122.11434116865	7229.75289594201	0	4660.68474184562	0	0	0	0	0	0	0	0	0	0	0	0	0	0	0	0	0	0	0	70.0912276873986	0	0	0	0	0	0	0	0	0	0	0	40.3572123219165	0	0	0	0	0	0	0	0	0
CGGTTGAACGCGGTATATAG	16173.9018626971	15573.9746158985	4535.28926279918	2248.21799372548	0	767.827816427752	0	0	0	0	0	0	0	0	0	0	0	0	0	0	0	0	0	0	0	0	0	0	0	0	0	0	0	0	0	0	0	0	0	0	0	0	137.124556886185	0	0	0	0	16918.0844243331	16331.0902288233	4738.8386134496	1514.5021592013	0	1456.10382284121	0	0	0	0	0	0	0	0	0	0	0	0	0	0	0	0	0	0	0	0	0	0	0	0	0	0	0	0	0	0	0	0	0	0	0	0	37.2361493901936	0	0	0	0
TATACGGGGACATGCAGTTG	530.32765806724	338.169672678691	32434.2033255534	69007.7021806324	87071.9692145339	80641.8921706981	555.52709003584	0	0	0	0	0	0	0	0	0	0	0	0	36.7773546404717	0	0	308.491867440891	0	0	8090.50985969492	0	1921.56165010294	0	0	0	226.526114825435	25.975694171882	0	0	0	0	1303.20276668002	0	0	0	0	0	0	0	0	0	507.907231725561	255.544958794904	37451.0591306094	67869.6356704953	190.053097648175	80695.933312204	444.53859261636	0	0	0	0	0	0	0	0	0	0	0	0	310.781120070796	0	0	69.9959134535735	0	0	10214.864613021	0	3098.30095240536	0	0	0	106.554656993104	39.4295468020659	0	0	0	0	335.897303278623	0	0	0	0	0	0	0	0	0
GTTTTAGAGAGTCCCCGAGA	662.788271655855	567.321309285237	0	0	0	0	0	0	0	0	0	0	0	0	0	0	0	0	0	0	0	0	0	0	0	0	0	0	0	0	0	0	0	0	0	0	0	0	0	0	0	0	0	0	0	0	0	604.308558579486	490.303964003619	0	0	0	0	0	0	0	0	0	0	0	0	0	0	0	0	0	0	0	0	0	0	0	0	0	0	0	0	0	0	0	0	0	0	0	0	0	0	0	0	0	0	0	0	0
CGGATCAGCCAATCGTGGTT	100.922372257993	128.256513026052	0	0	0	0	0	0	0	0	0	0	0	0	0	0	0	0	0	0	0	0	0	0	0	0	0	0	0	0	0	0	0	0	0	0	0	0	0	0	0	0	0	0	0	0	0	89.200263884114	155.060990656325	0	0	0	0	0	0	0	0	0	0	0	0	0	0	0	0	0	0	0	0	0	0	0	0	0	0	0	0	0	0	0	0	0	0	0	0	0	0	0	0	0	0	0	0	0
AGATGCCATACTGAATTGTT	74.1148671269632	80.2672010688043	0	0	0	0	0	0	0	0	0	0	0	0	0	0	0	0	0	0	0	0	0	0	0	0	0	0	0	0	0	0	0	0	0	0	0	0	0	0	0	0	0	0	0	0	0	75.0304302983563	67.3598281990916	0	0	0	0	0	0	0	0	0	0	0	0	0	0	0	0	0	0	0	0	0	0	0	0	0	0	0	0	0	0	0	0	0	0	0	0	0	0	0	0	0	0	0	0	0
CTTTGGAGTGTATTTTGTTT	1628.82886379847	1284.38209752839	882.41645441933	3235.86850035981	0	2577.14177250708	0	0	0	0	0	0	0	0	0	0	0	0	0	0	0	0	0	0	0	0	0	0	0	0	0	0	0	0	0	0	0	0	0	0	0	0	0	0	0	0	0	1440.21259396226	1124.88689995843	693.179590880625	2747.6754912285	0	2058.59293845755	0	0	0	0	0	0	0	0	0	0	0	0	0	0	0	0	0	0	0	0	0	0	0	0	0	0	0	0	0	0	0	0	0	0	0	0	0	0	0	0	0
TATAAGATCTATTTGATTGG	159.995924288813	121.736806947228	123.650713358123	252.319472497821	0	167.446543371873	0	0	0	0	0	0	0	0	0	0	0	0	0	0	0	0	0	0	0	0	0	0	0	0	0	0	0	0	0	0	0	0	0	0	0	0	0	0	0	0	0	137.400927311077	138.721230350605	103.737911186962	289.594200768986	0	87.4996777524866	0	0	0	0	0	0	0	0	0	0	0	0	0	0	0	0	0	0	0	0	0	0	0	0	0	0	0	0	0	0	0	0	0	0	0	0	0	0	0	0	0
CAGGTGTTGCAAGGAGCGTG	39.4228016632783	0	0	0	0	0	0	0	0	0	0	0	0	0	0	0	0	0	0	0	0	0	0	0	0	0	0	0	0	0	0	0	0	0	0	0	0	0	0	0	0	0	0	0	0	0	0	51.6850487349358	0	0	0	0	0	0	0	0	0	0	0	0	0	0	0	0	0	0	0	0	0	0	0	0	0	0	0	0	0	0	0	0	0	0	0	0	0	0	0	0	0	0	0	0	0	0
TATTTATGATTGTATCAAAG	122.877840261234	104.529058116232	55.90905460451	59.4753042316293	0	0	0	0	0	0	0	0	0	0	0	0	0	0	0	0	0	0	0	0	0	0	0	0	0	0	0	0	0	0	0	0	0	0	0	0	0	0	0	0	0	0	0	102.905512762142	105.708245243129	85.2132841892906	99.5926497359162	0	0	0	0	0	0	0	0	0	0	0	0	0	0	0	0	0	0	0	0	0	0	0	0	0	0	0	0	0	0	0	0	0	0	0	0	0	0	0	0	0	0	0
TTACGATATACTGGTCGAGG	2784.58410763759	2501.4295257181	701.673426041787	149.975604826511	0	221.831596147657	0	0	0	0	0	0	0	0	0	0	0	0	0	0	0	0	0	0	0	0	0	0	0	0	0	0	0	0	0	0	0	0	0	0	0	0	0	0	0	0	0	2694.12672012488	2341.58769115852	543.787437673594	289.288075821027	0	283.426165891503	0	0	0	0	0	0	0	0	0	0	0	0	0	0	0	0	0	0	0	0	0	0	0	0	0	0	0	0	0	0	0	0	0	0	0	0	0	0	0	0	0
AGAAACTCACCGCAAGGTGA	210.578411346004	228.296593186373	228.812982733272	456.492270141466	0	102.333027984782	0	0	0	0	0	0	0	0	0	0	0	0	0	0	0	0	0	0	0	0	0	0	0	0	0	0	0	0	0	0	0	0	0	0	0	0	0	0	0	0	0	175.613019521849	179.626208530911	146.762851310587	674.495302002465	0	61.1132931269534	0	0	0	0	0	0	0	0	0	0	0	0	0	0	0	0	0	0	0	0	0	0	0	0	0	0	0	0	0	0	0	0	0	0	0	0	0	0	0	0	0
TTGCCTTAGGGAGTTTCAGG	17772.1628925905	16009.832999332	2969.09619611358	975.420736283669	0	381.438109149728	0	0	0	0	0	0	0	0	0	0	0	0	0	0	0	0	0	0	0	0	0	0	0	0	0	0	0	0	0	0	0	0	0	0	0	0	149.071689930885	0	0	0	0	17947.8364290161	16353.4323500577	2760.16942265311	1555.31881892913	0	212.607535890791	0	0	0	0	0	0	0	0	0	0	0	0	0	0	0	0	0	0	0	0	0	0	0	0	0	0	0	0	0	0	0	0	0	0	0	0	33.6259964022247	0	0	0	0
TACGTATTTGTTTAACGATC	15044.347619348	13990.2204408818	3100.14228706489	3095.03303969011	0	2432.05994734801	0	0	0	0	0	0	0	0	0	0	0	0	0	0	0	0	0	0	0	301.625292617101	0	0	0	0	0	0	0	0	0	0	0	0	0	0	0	0	141.671600059914	0	0	0	0	15151.3849270137	14167.6837333796	2675.55370707665	3268.29198605703	0	3113.13844814696	0	0	0	0	0	0	0	0	0	0	0	0	0	0	0	0	0	0	0	116.273255787526	0	0	0	0	0	0	0	0	0	0	0	0	0	0	0	0	34.3480269998185	0	0	0	0
GGTGTAGTATAAATGATTAT	304.950533481482	292.424849699399	0	0	0	0	0	0	0	0	0	0	0	0	0	0	0	0	0	0	0	0	0	0	0	0	0	0	0	0	0	0	0	0	0	0	0	0	0	0	0	0	0	0	0	0	0	284.441987307546	313.012006944954	0	0	0	0	0	0	0	0	0	0	0	0	0	0	0	0	0	0	0	0	0	0	0	0	0	0	0	0	0	0	0	0	0	0	0	0	0	0	0	0	0	0	0	0	0
GAAAATCGGTTTTTTTTTTA	223.315008806447	133.921175684703	340.335276838565	0	0	0	0	0	0	0	0	0	0	0	0	0	0	0	0	0	0	0	0	0	0	0	0	0	0	0	0	0	0	0	0	0	0	0	0	0	0	0	0	0	0	0	0	158.191092981983	134.608501566172	347.545905220837	0	0	0	0	0	0	0	0	0	0	0	0	0	0	0	0	0	0	0	0	0	0	0	0	0	0	0	0	0	0	0	0	0	0	0	0	0	0	0	0	0	0	0	0
TATATTAGTTCAAAACCTTC	852.381622424175	779.37207748831	102.204118337874	108.008182360037	0	0	0	0	0	0	0	0	0	0	0	0	0	0	0	0	0	0	0	0	0	0	0	0	0	0	0	0	0	0	0	0	0	0	0	0	0	0	0	0	0	0	0	826.728487405109	847.555594089231	214.766159450428	173.062637246018	0	0	0	0	0	0	0	0	0	0	0	0	0	0	0	0	0	0	0	0	0	0	0	0	0	0	0	0	0	0	0	0	0	0	0	0	0	0	0	0	0	0	0
GATTCTTGTGTGTAGCGTAT	7665.61215726423	8179.87975951904	12125.6090093448	1040.04541750505	0	392.084045125564	0	0	0	0	0	0	0	0	0	0	0	0	0	0	0	0	0	0	0	0	0	0	0	0	0	0	0	0	0	0	0	0	0	0	0	0	0	0	0	0	0	7642.99917303922	7862.20357785173	10653.0946883321	1538.4819467914	0	247.486090280863	0	0	0	0	0	0	0	0	0	0	0	0	0	0	0	0	0	0	0	0	0	0	0	0	0	0	0	0	0	0	0	0	0	0	0	0	0	0	0	0	0
TCTAAACCCCTGTGCAGTAG	58.8309501744307	36.9806279225117	0	0	0	0	0	0	0	0	0	0	0	0	0	0	0	0	0	0	0	0	0	0	0	0	0	0	0	0	0	0	0	0	0	0	0	0	0	0	0	0	0	0	0	0	0	55.4017263967739	75.1406664399108	0	0	0	0	0	0	0	0	0	0	0	0	0	0	0	0	0	0	0	0	0	0	0	0	0	0	0	0	0	0	0	0	0	0	0	0	0	0	0	0	0	0	0	0	0
GCACTGAAAATTAGTATCGG	88.913580366717	141.189044756179	206.183127298114	76.9831859967842	0	0	0	0	0	0	0	0	0	0	0	0	0	0	0	0	0	0	0	0	0	0	0	0	0	0	0	0	0	0	0	0	0	0	0	0	0	0	0	0	0	0	0	102.673220408277	103.15168410686	239.864041189209	35.2043690152573	0	0	0	0	0	0	0	0	0	0	0	0	0	0	0	0	0	0	0	0	0	0	0	0	0	0	0	0	0	0	0	0	0	0	0	0	0	0	0	0	0	0	0
GAAGTATTACTCCATCTGCT	12414.7860979432	12839.4388777555	16354.5817322341	1496.15148437228	0	545.005900654436	0	0	0	0	0	0	0	0	0	0	0	0	0	0	0	0	0	0	0	0	0	0	0	0	0	0	0	0	0	0	0	0	0	0	0	0	116.083337494026	0	0	0	0	12541.4641851649	12391.3183630006	15765.5331985219	1167.15238491743	0	205.480179124124	0	0	0	0	0	0	0	0	0	0	0	0	0	0	0	0	0	0	0	0	0	0	0	0	0	0	0	0	0	0	0	0	0	0	0	0	36.4109715643721	0	0	0	0
CATCATTTGGTGGTTATTGC	74.9639736243262	61.2424849699399	73.8058683800277	0	0	0	0	0	0	0	0	0	0	0	0	0	0	0	0	0	0	0	0	0	0	0	0	0	0	0	0	0	0	0	0	0	0	0	0	0	0	0	0	0	0	0	0	66.9001979130855	111.488296507738	84.4962018538969	0	0	0	0	0	0	0	0	0	0	0	0	0	0	0	0	0	0	0	0	0	0	0	0	0	0	0	0	0	0	0	0	0	0	0	0	0	0	0	0	0	0	0	0
AGCTCAGTGATACGATGGAG	67.5646170044493	0	0	0	0	0	0	0	0	0	0	0	0	0	0	0	0	0	0	0	0	0	0	0	0	0	0	0	0	0	0	0	0	0	0	0	0	0	0	0	0	0	0	0	0	0	0	59.8152811202066	0	0	0	0	0	0	0	0	0	0	0	0	0	0	0	0	0	0	0	0	0	0	0	0	0	0	0	0	0	0	0	0	0	0	0	0	0	0	0	0	0	0	0	0	0	0
TTCGCAAAAGCGCGCTAAGT	192.868475829577	131.356045424182	0	0	0	0	0	0	0	0	0	0	0	0	0	0	0	0	0	0	0	0	0	0	0	0	0	0	0	0	0	0	0	0	0	0	0	0	0	0	0	0	0	0	0	0	0	177.819796883566	192.186704548233	0	0	0	0	0	0	0	0	0	0	0	0	0	0	0	0	0	0	0	0	0	0	0	0	0	0	0	0	0	0	0	0	0	0	0	0	0	0	0	0	0	0	0	0	0
TGATACGGGGAGACACTAAT	136.220942362651	78.5571142284569	0	0	0	0	0	0	0	0	0	0	0	0	0	0	0	0	0	0	0	0	0	0	0	0	0	0	0	0	0	0	0	0	0	0	0	0	0	0	0	0	0	0	0	0	0	127.412356094887	85.2557561529757	0	0	0	0	0	0	0	0	0	0	0	0	0	0	0	0	0	0	0	0	0	0	0	0	0	0	0	0	0	0	0	0	0	0	0	0	0	0	0	0	0	0	0	0	0
TTAAGGACTACATCGTCTTC	188.744244270957	118.209752839011	0	0	0	0	0	0	0	0	0	0	0	0	0	0	0	0	0	0	0	0	0	0	0	0	0	0	0	0	0	0	0	0	0	0	0	0	0	0	0	0	0	0	0	0	0	155.403584735605	146.613223423435	0	0	0	0	0	0	0	0	0	0	0	0	0	0	0	0	0	0	0	0	0	0	0	0	0	0	0	0	0	0	0	0	0	0	0	0	0	0	0	0	0	0	0	0	0
TTCTGTGCTATGGATACGAA	203.300355654321	128.577154308617	1125.1327470278	0	0	78.4003036980185	0	0	0	0	0	0	0	0	0	0	0	0	0	0	0	0	0	0	0	0	0	0	0	0	0	0	0	0	0	0	0	0	0	0	0	0	0	0	0	0	0	192.221922823188	136.053514382324	1038.57424909528	0	0	90.0776578595789	0	0	0	0	0	0	0	0	0	0	0	0	0	0	0	0	0	0	0	0	0	0	0	0	0	0	0	0	0	0	0	0	0	0	0	0	0	0	0	0	0
GTGCTCTTGGGTGTCTCAAA	56.6475334669261	66.8002672010688	0	254.765426567953	0	0	0	0	0	0	0	0	0	0	0	0	0	0	0	0	0	0	0	0	0	0	0	0	0	0	0	0	0	0	0	0	0	0	0	0	0	0	0	0	0	0	0	55.7501649275712	39.1265008681192	0	144.797100384493	0	0	0	0	0	0	0	0	0	0	0	0	0	0	0	0	0	0	0	0	0	0	0	0	0	0	0	0	0	0	0	0	0	0	0	0	0	0	0	0	0	0	0
TTCATCTGTTTGACTCTGGG	2657.33943396135	2654.69605878424	1232.80944478463	5797.55481833642	0	3708.08678500986	42.8780618037371	0	0	0	0	0	0	0	0	0	0	0	0	0	0	0	0	0	0	0	0	0	0	0	0	0	0	0	0	0	0	0	0	0	0	134.305991460966	51.8006290967967	153.732282655466	282.966923516186	64.3120453726829	0	2461.95051243693	2732.18577084764	1037.97668048245	5357.59475587556	0	3457.98119894272	157.732801257709	0	0	0	0	0	0	0	0	0	0	0	0	0	0	0	0	0	0	0	0	0	0	0	0	0	0	0	0	0	0	0	0	0	0	139.249575156122	73.6471209545657	139.095509405303	344.633539101668	51.835226743947	0
GTGTATTGCGTGCTAAAGCT	0	36.87374749499	0	0	0	0	0	0	0	0	0	0	0	0	0	0	0	0	0	0	0	0	201.982612043245	0	287.145013229232	44.8619897246953	0	0	66.8835347893224	0	192.173133210474	0	275.741984286132	628.721020457001	0	81873.9796737226	59772.0245512022	81557.9302805971	33845.9517018236	33288.0849867819	39548.6680827922	0	0	0	0	0	0	0	346.469611380476	0	0	0	0	0	0	0	0	0	0	0	0	0	0	0	0	0	0	0	0	229.039882484178	0	56.0017071152355	37.1819871908509	0	0	38.6413212838891	0	451.623575212252	0	29.4622264208745	158.283832676446	0	76416.5426224433	54449.7162237372	73185.6919841398	29318.7599452113	32070.9394195841	33606.3488473987	0	0	0	0	0	0
CCGGTTATGCAGACGAGGTC	0	0	54.577886637736	0	0	0	0	1593.58487623777	1639.74959927547	1882.21508768799	15147.6849830854	935.458444755001	5915.14384184935	7429.01429283657	0	0	0	0	0	0	56.2829198147327	0	0	0	0	0	0	0	0	0	0	0	0	0	0	0	0	0	0	0	0	0	0	0	0	0	0	0	0	48.2835439165125	0	0	0	0	1326.01516367244	1245.93330436592	2064.79513616545	12575.6283646726	1842.20526299123	5779.46093079677	6394.08003098367	0	0	0	0	0	0	84.0189154371979	0	0	0	0	0	0	0	0	0	0	0	0	0	0	0	0	0	0	0	0	0	0	0	0	0	0
CACATCAATCCATGTATACA	0	0	53.5425337746895	0	0	0	0	18070.424816021	21414.0365369822	3901.89248477645	6397.66952839906	6131.85877938268	6137.67284493867	3988.71506241449	0	0	0	0	0	0	0	0	0	0	0	0	0	0	0	0	0	0	0	0	0	0	0	0	0	0	0	0	0	0	0	0	0	0	0	51.8689555934812	0	0	0	0	19746.4438210027	15976.591168835	3734.70976852372	5983.15119355948	4892.17517970803	5829.8568991193	2852.49903719998	0	0	0	0	0	0	0	0	0	0	0	0	0	0	0	0	0	0	0	0	0	0	0	0	0	0	0	0	0	0	0	0	0
GCTTAGTTGGTCCTACGAGA	0	0	235.025099911551	588.959993202822	0	612.34763519926	0	0	0	0	0	0	0	0	0	0	0	0	0	0	0	0	0	0	0	44.1461069099396	0	0	0	0	0	0	0	0	0	0	0	0	0	0	0	0	0	0	0	0	0	0	0	119.155181397928	613.372354060033	0	500.583078441869	0	0	0	0	0	0	0	0	0	0	0	0	0	0	0	0	0	0	0	290.910413229151	0	0	0	0	0	0	0	0	0	0	0	0	0	0	0	0	0	0	0	0	0
ATAGGAGTGTCGAGTAATCT	0	0	1627.13097805348	0	0	0	0	0	0	0	0	0	0	0	0	0	0	0	0	0	0	0	0	0	0	0	0	0	0	0	0	0	0	0	0	0	0	0	0	0	0	0	0	0	0	0	0	0	0	1019.33253976222	0	0	0	0	0	0	0	0	0	0	0	0	0	0	0	0	0	0	0	0	0	0	0	0	0	0	0	0	0	0	0	0	0	0	0	0	0	0	0	0	0	0	0	0
TTCTATGGAAACGGCTTAGT	0	0	204.85195933134	1148.05359986509	0	923.555577562658	0	0	0	0	0	0	0	0	0	0	0	0	0	0	0	0	0	0	0	195.197380823408	0	0	0	0	0	0	0	0	0	0	0	0	0	0	0	0	0	0	0	0	0	0	0	91.5475114852687	1120.41730952906	0	1185.11261981921	0	0	0	0	0	0	0	0	0	0	0	0	0	0	0	0	0	0	0	46.9093041332006	0	0	0	0	0	0	0	0	0	0	0	0	0	0	0	0	0	0	0	0	0
ATCAAAAAGAAGTGTCTGGA	0	0	52.6550884635068	0	0	0	0	0	0	0	0	0	0	0	0	0	0	0	0	0	0	0	0	0	0	0	0	0	0	0	0	0	0	0	0	0	0	0	0	0	0	0	0	0	0	0	0	0	0	84.3766881313312	0	0	0	0	0	0	0	0	0	0	0	0	0	0	0	0	0	0	0	0	0	0	0	0	0	0	0	0	0	0	0	0	0	0	0	0	0	0	0	0	0	0	0	0
ATGCGTTGGAGGCCTTATAC	0	0	173.495558336218	0	0	46.2974424995667	0	18889.708572491	20496.1594864663	23120.2681567256	24876.2436267251	22848.9774996736	18445.9541104775	21334.1083457973	0	0	0	0	0	0	164.619407088178	0	0	0	0	0	0	0	0	0	0	0	0	0	0	0	0	0	0	0	0	0	0	0	0	0	0	0	0	138.157863285862	0	0	122.378232142559	0	19710.1185361384	19125.2450971443	20288.8008529647	23281.8674415503	31951.1384147693	16936.7930017653	23445.3227501485	0	0	0	0	0	0	494.689317697722	0	0	0	0	0	0	0	0	0	0	0	0	0	0	0	0	0	0	0	0	0	0	0	0	0	0
GGATTGGCTTTCACTTTTCT	0	0	62.8607095421078	0	0	0	0	0	0	0	0	0	0	0	0	0	0	0	0	0	0	0	0	0	0	0	0	0	0	0	0	0	0	0	0	0	0	0	0	0	0	0	0	0	0	0	0	0	0	76.6082961645656	0	0	0	0	0	0	0	0	0	0	0	0	0	0	0	0	0	0	0	0	0	0	0	0	0	0	0	0	0	0	0	0	0	0	0	0	0	0	0	0	0	0	0	0
TAATCGAGAATAACTTTATG	0	0	101.316673026691	0	0	0	0	9641.27846651193	10132.7411831131	13713.4857848988	2277.30747978289	9024.30886328138	10441.4329541821	1721.56732093786	0	0	0	0	0	0	0	0	0	0	0	0	0	0	0	0	0	0	0	0	0	0	0	0	0	0	0	0	0	0	0	0	0	0	0	97.4036838909844	0	0	0	0	11231.7211735628	8937.69329355792	12674.4684273535	3086.0233166986	4981.47503087495	12166.9280156218	2351.40786384593	0	0	0	0	0	0	0	0	0	0	0	0	0	0	0	0	0	0	0	0	0	0	0	0	0	0	0	0	0	0	0	0	0
TAAATTGTTGTCGCAGTGAA	0	0	125.12978887676	0	0	29.0493756860027	0	10875.6020176212	10363.4183033532	15578.8653172408	14466.8228303285	11503.5517923374	13026.8756436071	18854.5410295852	0	0	0	0	0	0	0	0	0	0	0	0	0	0	0	0	0	0	0	0	0	0	0	0	0	0	0	0	0	0	0	0	0	0	0	104.454993522356	0	0	90.5325955255364	0	11342.9732862148	12669.1033369725	16889.4690465785	16417.8475921754	15481.0158649736	13354.0440052467	17720.7423024954	0	0	0	0	0	0	0	0	0	0	0	0	0	0	0	0	0	0	0	0	0	0	0	0	0	0	0	0	0	0	0	0	0
GGTGCATACAAACTTGTGAT	0	0	128.531662569627	0	0	0	1079.32261651462	0	0	0	0	0	0	0	0	0	0	0	0	0	0	0	0	0	0	0	0	0	0	0	0	0	0	0	0	0	0	0	0	0	0	170.474359336858	280.93594196903	142.734202904135	1794.13288004143	742.025484688146	0	0	0	68.9594179203656	0	0	0	947.746726187695	0	0	0	0	0	0	0	0	0	0	0	0	0	0	0	0	0	0	0	0	0	0	0	0	0	0	0	0	0	0	0	0	0	0	130.481582022845	268.595382304887	176.6427634779	1872.29289587668	982.48856703193	0
GAGGACAATGTGCACTGGAA	0	0	224.967386384814	0	0	36.3942462429749	0	14939.6333015456	11846.0990462188	20577.9309439191	8628.85071343588	21004.1731746592	23662.1793727056	7115.81946935275	0	0	0	0	0	0	242.157533615218	0	0	0	0	0	0	0	0	0	0	0	0	0	0	0	0	0	0	0	0	0	0	0	0	0	0	0	0	208.073390986753	0	0	122.074940365254	0	13978.7852748866	21439.5646125366	22693.9562215032	7671.27806672141	16983.2800278666	25427.6753750111	8364.71952601953	0	0	0	0	0	0	568.086069871472	0	0	0	0	0	0	0	0	0	0	0	0	0	0	0	0	0	0	0	0	0	0	0	0	0	0
TTTTTGCGTCGATTGGGTAC	0	0	0	50.3351600748205	0	0	0	0	0	0	0	0	0	164.453864311385	15781.952670533	14645.9315962616	13386.5158633739	4289.58865108973	11232.8990893127	13085.5409632503	4370.65610268434	0	0	0	0	0	0	0	0	0	0	0	0	0	0	0	0	0	0	0	0	0	0	0	0	0	0	0	0	0	33.5717026261439	0	0	0	0	0	0	0	0	0	185.379800129244	15295.6639314411	15935.860058309	13802.0046253697	6637.96512507108	8891.41386814799	13583.7764435731	4856.40512451491	0	0	0	0	0	0	0	0	0	0	0	0	0	0	0	0	0	0	0	0	0	0	0	0	0	0
CTTATCTCTGAAAATGTGTG	0	0	0	150.748011374974	0	0	0	0	0	214.905863992283	0	307.306198832672	290.645761843708	391.050496315147	48133.0690228727	49289.0200774883	29311.4582549393	12558.2031359569	26819.6730237813	23895.7895860768	9326.80639434698	0	0	0	0	0	0	0	0	0	0	0	0	0	0	0	0	0	0	0	0	0	0	0	0	0	0	0	0	0	91.6334010889885	0	0	0	0	0	61.4954497637692	0	50.3499160834732	71.3038847303175	649.264464302421	46778.8457813214	47136.7022999676	28147.0312335588	16982.3765245623	12567.0622467506	23857.576612934	7208.21596375367	0	0	0	0	0	0	0	0	0	0	0	0	0	0	0	0	0	0	0	0	0	0	0	0	0	0
ATTGGTGGTGCTTAATGTAA	0	0	0	81.4888908628167	0	0	131.06124551331	0	0	0	0	0	0	0	0	0	23.9393059751504	181.972455190598	0	0	0	0	0	199.228446993528	0	325.647138178905	114.762974626429	2882.8508247973	28358.728575853	28691.9902849234	23016.8225404303	51854.6243022436	62619.6915743126	34850.1439459314	58028.7462320895	0	0	0	0	0	0	0	0	0	0	0	0	0	0	0	128.1643115454	0	0	68.1189714450671	0	0	0	0	0	0	0	0	0	62.6865203831937	333.257840327323	0	0	0	0	0	111.641019338771	0	71.7275987618125	400.245813067843	382.291715891497	27908.6497796376	28557.6163346779	22539.7606984906	47574.8360085644	63356.6856900794	33257.0495933012	52938.4803582435	0	0	0	0	0	0	0	0	0	0	0	0
GATGACAGATTTCCCGACTC	0	0	0	150.61927695023	0	0	0	0	0	0	0	0	0	0	7656.93616946378	8707.03979422284	8558.80360809779	16340.4427645788	5172.26827840623	11650.9868590162	8062.88070949012	0	0	0	0	0	0	0	0	0	0	0	0	0	0	0	0	0	0	0	0	0	0	0	0	0	0	0	0	0	81.4292361570298	0	0	0	0	0	0	0	0	0	0	7616.59576776153	8036.44314868805	8293.5385869115	19777.7239781643	5058.49535283579	10364.4883697866	6007.35245375965	0	0	0	0	0	0	0	0	0	0	0	0	0	0	0	0	0	0	0	0	0	0	0	0	0	0
TCATTTAGGTTGTTATTTTC	0	0	0	162.334109601915	0	56.118112120687	0	0	0	0	0	0	0	0	0	0	0	0	0	0	0	0	0	0	0	0	0	0	0	0	0	0	0	0	0	0	0	0	0	0	0	0	0	0	0	0	0	0	0	0	190.817884227626	0	125.259504026957	0	0	0	0	0	0	0	0	0	0	0	0	0	0	0	0	0	0	0	0	0	0	0	0	0	0	0	0	0	0	0	0	0	0	0	0	0	0	0	0	0
TTGTAGTGAATTATGTCGTC	0	0	0	59.9902419306044	0	0	0	0	0	0	0	0	0	111.526183843353	1181.80658106645	1123.70098476385	5044.3128021531	5754.48444643909	1081.52625202488	5339.04370968826	7245.85659025275	0	0	0	0	0	0	0	0	0	0	0	0	0	0	0	0	0	0	0	0	0	0	0	0	0	0	0	0	0	42.1432011689891	0	0	0	0	0	0	0	0	0	189.513856704896	1089.34424324136	1798.67184969226	5551.89884186654	9866.5335717871	5334.19904050788	5917.524278881	5848.25960247552	0	0	0	0	0	0	0	0	0	0	0	0	0	0	0	0	0	0	0	0	0	0	0	0	0	0
TTTCGGGCATAGGGTAAATT	0	0	0	74.6659663513961	0	0	0	0	0	0	0	0	93.2461752493426	239.119699257358	14291.0260584886	13254.2804303832	15240.5936087787	7540.9876300805	6570.83350349165	11627.4177156122	3585.18945871881	0	0	0	0	0	0	0	0	0	0	0	0	0	0	0	0	0	0	0	0	0	0	0	0	0	0	0	0	0	41.2248263251129	0	0	0	0	0	0	0	0	34.5177865222837	115.75358411826	16274.30127773	14213.7998056365	16756.3307788576	7914.27023703621	15311.1135158533	13548.9697210122	3407.47816266925	0	0	0	0	0	0	0	0	0	0	0	0	0	0	0	0	0	0	0	0	0	0	0	0	0	0
TACGAAATTTAAAGTCTATT	0	0	0	121.010359259159	0	0	0	0	0	0	0	0	0	0	0	0	0	0	0	0	0	0	0	0	0	0	0	0	0	0	0	0	0	0	0	0	0	0	0	0	0	0	0	0	0	0	0	0	0	0	81.8374027543082	0	0	0	0	0	0	0	0	0	0	0	0	0	0	0	0	0	0	0	0	0	0	0	0	0	0	0	0	0	0	0	0	0	0	0	0	0	0	0	0	0	0	0
TAAGGAGGTTAAGATTTGCG	0	0	0	0	0	0	456.197408079593	0	0	0	0	0	0	0	0	0	0	0	0	0	0	0	0	0	0	0	0	0	0	0	0	0	0	0	0	0	0	0	0	0	0	1110.49848729041	565.794823146768	1131.91915688881	558.170133607379	928.423427653704	0	0	0	0	0	0	0	429.6894875605	0	0	0	0	0	0	0	0	0	0	0	0	0	0	0	0	0	0	0	0	0	0	0	0	0	0	0	0	0	0	0	0	0	0	990.783224060296	584.225900681597	1091.24077555939	105.811534395143	1087.89046859478	0
GCCCGACTTAAAGTGGCATT	0	0	0	0	0	0	335.563531893817	0	0	0	0	0	0	0	0	0	0	0	0	0	0	0	0	0	0	0	0	0	0	0	0	0	0	0	0	0	0	0	0	0	0	103.556988152798	125.623212387929	93.9252066354546	830.615182350219	68.9482186989947	749.022472554489	0	0	0	0	0	0	619.508816526327	0	0	0	0	0	0	0	0	0	0	0	0	0	0	0	0	0	0	0	0	0	0	0	0	0	0	0	0	0	0	0	0	0	0	97.3708711116546	200.827653359299	86.472463924769	739.742846424065	63.6307167545737	437.694569079024
TGTTGTTTTAAAAATTTGGA	0	0	0	0	0	0	323.158558038648	0	0	0	0	0	0	0	0	0	0	0	0	0	0	0	0	0	0	0	0	0	0	0	0	0	0	0	0	0	0	0	0	0	0	0	158.968195661943	28.7395076713613	915.811721777114	162.384942660046	1054.10317086493	0	0	0	0	0	0	367.800909845164	0	0	0	0	0	0	0	0	0	0	0	0	0	0	0	0	0	0	0	0	0	0	0	0	0	0	0	0	0	0	0	0	0	0	0	225.686135362171	32.9960717607671	1649.32983186112	109.62230624555	930.444394191406
ATGAATTCTGAAGCATTCGT	0	0	0	0	0	0	6433.86665731799	0	0	0	0	0	0	0	0	0	0	0	0	0	0	0	0	0	0	0	0	0	0	0	0	38.5933380813704	0	0	0	0	0	0	0	0	56.6140345168982	10144.4614094118	5510.65969572257	10596.3688675671	3682.24755417489	3326.75155222649	6491.30872568403	0	0	0	0	0	0	7622.67904853581	0	0	0	0	0	0	0	0	0	0	0	0	0	0	0	0	0	0	0	0	0	0	0	0	69.7332951482174	0	0	0	0	0	0	0	0	57.2413890577078	9898.60277414688	6220.1904510422	10609.6593155591	2663.10835237543	3511.16026499813	7853.352241626
TTCGCTTTTCAAGTTTGCGC	0	0	0	0	0	0	707.712747548894	0	0	0	0	0	0	0	0	0	0	0	0	0	0	0	0	0	0	0	0	0	0	0	0	0	0	0	0	0	0	0	0	0	0	0	0	46.8020474089487	976.6955796889	132.071501680316	0	0	0	0	0	0	0	870.178324252534	0	0	0	0	0	0	0	0	0	0	0	0	0	0	0	0	0	0	0	0	0	0	0	0	0	0	0	0	0	0	0	0	0	0	0	0	64.0010012601086	1195.90054909451	162.864334550397	0
ATTGTAGTTTGGTAGCTTTA	0	0	0	0	0	0	1999.62785078435	0	0	0	0	0	0	0	0	0	0	0	0	0	0	0	0	0	0	0	0	0	0	0	0	0	0	0	0	0	0	0	0	0	0	158.104070649664	233.682356045963	177.012889428357	5524.6993348745	1448.98247883111	784.560378243656	0	0	0	0	0	0	3484.97073272545	0	0	0	0	0	0	0	0	0	0	0	0	0	0	0	0	0	0	0	0	0	0	0	0	0	0	0	0	0	0	0	0	0	0	174.090811027828	388.246167048999	205.561734417653	4600.54227345589	851.764237372874	161.255893871219
ATGACATAGCATTTAGCTTC	0	0	0	0	0	0	306.079246209067	0	0	0	0	0	0	0	0	0	0	0	0	0	0	0	0	0	0	0	0	0	0	0	175.321027682786	0	0	0	0	3100.81917913484	13154.0395828571	2730.11254225684	12373.3555242887	29041.5972496609	11675.6917556393	0	0	0	0	0	0	0	0	0	0	0	0	210.171948482951	0	0	0	0	0	0	0	0	0	0	0	0	0	0	0	0	0	0	0	0	0	0	0	411.872493918726	0	0	0	0	4526.76598686191	14491.5300367371	4417.43926931592	20631.6755212121	29796.6616582882	10961.3726626433	0	0	0	0	0	0
CTAATAAATCGTATCAAGGG	0	0	0	0	0	0	158.567926670424	0	0	0	0	0	0	0	0	0	0	0	0	0	0	0	0	0	0	0	0	0	0	0	0	0	0	0	0	0	0	0	0	0	0	0	0	0	0	0	0	0	0	0	0	0	0	218.79065980908	0	0	0	0	0	0	0	0	0	0	0	0	0	0	0	0	0	0	0	0	0	0	0	0	0	0	0	0	0	0	0	0	0	0	0	0	0	0	0	0
AGATAGAATATTTGCGTATA	0	0	0	0	0	0	423.387151143819	0	0	0	0	0	0	0	0	0	0	0	0	0	0	0	0	0	0	0	0	0	0	0	0	0	0	0	0	0	0	0	0	0	0	130.064749625357	167.170704916513	135.669742917879	665.738426193135	217.186888901833	2137.53921626696	0	0	0	0	0	0	427.612689650589	0	0	0	0	0	0	0	0	0	0	0	0	0	0	0	0	0	0	0	0	0	0	0	0	0	0	0	0	0	0	0	0	0	0	139.364943486823	214.649381941808	114.064006690238	212.219910644248	190.026426226244	2345.2905036552
ACAAATTTTTGAAGCTTCTT	0	0	0	0	0	0	279.2018028562	0	0	0	0	0	0	0	0	0	0	0	0	0	0	0	0	0	0	0	0	0	0	0	0	0	0	0	0	0	0	0	0	0	0	327.046870434774	222.359326966284	325.928494820466	0	496.189422154489	0	0	0	0	0	0	0	125.853953340581	0	0	0	0	0	0	0	0	0	0	0	0	0	0	0	0	0	0	0	0	0	0	0	0	0	0	0	0	0	0	0	0	0	0	335.145000686442	230.946644001782	322.849495245437	0	305.708800734134	0
TATAGGGTTTAGTCTGCTGG	0	0	0	0	0	0	166.208671436289	0	0	0	0	0	0	0	0	0	0	0	0	0	0	0	0	0	0	0	0	0	0	0	0	0	0	0	0	0	0	0	0	0	0	0	28.9762555188622	29.221175397697	0	0	0	0	0	0	0	0	0	151.19088784149	0	0	0	0	0	0	0	0	0	0	0	0	0	0	0	0	0	0	0	0	0	0	0	0	0	0	0	0	0	0	0	0	0	0	0	46.1068110177743	36.9783562836183	0	0	0
AATCAATTCAATTCAAGAGT	0	0	0	0	0	0	65.9800783311175	0	0	0	0	0	0	0	0	0	0	0	0	0	0	0	0	0	0	0	0	0	0	0	0	0	0	0	0	0	0	0	0	0	0	78.3451616855638	0	64.2223635114219	0	0	0	0	0	0	0	0	0	78.8144806811066	0	0	0	0	0	0	0	0	0	0	0	0	0	0	0	0	0	0	0	0	0	0	0	0	0	0	0	0	0	0	0	0	0	0	56.5304820434962	0	66.3714087141867	0	0	0
CTTAAGTATCTTTGGGAGGT	0	0	0	0	0	0	37.8441593697554	0	0	0	0	0	0	0	0	0	0	0	0	0	0	0	0	0	0	0	0	0	0	0	0	0	0	0	0	0	0	0	0	0	0	0	0	0	0	0	0	0	0	0	0	0	0	33.747966036047	0	0	0	0	0	0	0	0	0	0	0	0	0	0	0	0	0	0	0	0	0	0	0	0	0	0	0	0	0	0	0	0	0	0	0	0	0	0	0	0
TGTTGTCTTTCGTCTCAGCT	0	0	0	0	0	0	2833.008376953	0	0	0	0	0	0	0	0	0	0	0	0	0	0	0	0	0	0	0	0	0	0	0	0	0	0	0	0	0	0	0	0	0	0	0	73.1093216168216	0	24156.6921677412	335.587623081486	2259.10141747356	0	0	0	0	0	0	4045.9138481923	0	0	0	0	0	0	0	0	0	0	0	0	0	0	0	0	0	0	0	0	0	0	0	0	0	0	0	0	0	0	0	0	0	0	0	70.9652930206459	0	24326.3360731217	335.792711036466	1795.58332153326
CTATCAAGTATTAAAATAAA	0	0	0	0	0	0	552.560683244386	0	0	0	0	0	0	0	0	0	0	0	0	0	0	0	0	0	0	0	0	0	0	0	0	0	0	0	0	0	0	0	0	0	0	242.222033722585	357.344098829538	118.249426815406	337.415071615149	173.321556660576	400.882618673571	0	0	0	0	0	0	955.846238036346	0	0	0	0	0	0	0	0	0	0	0	0	0	0	0	0	0	0	0	0	0	0	0	0	0	0	0	0	0	0	0	0	0	0	189.204062349661	431.877444589309	123.924901699203	312.318815865762	107.457996151857	548.756131633841
ACAACTTGGTAATTTCTCAT	0	0	0	0	0	0	59.8674825184254	0	0	0	0	0	0	0	0	0	0	0	0	0	0	0	0	0	0	0	0	0	0	0	0	0	0	0	0	0	0	0	0	0	0	72.8079848446292	0	47.5245489984522	0	0	0	0	0	0	0	0	0	164.793914151405	0	0	0	0	0	0	0	0	0	0	0	0	0	0	0	0	0	0	0	0	0	0	0	0	0	0	0	0	0	0	0	0	0	0	71.4129967039268	0	58.7861048611368	0	0	0
GCGTTGCCACGGCCCCTGGT	0	0	0	0	0	0	11125.5536169038	0	0	0	0	0	0	0	0	0	0	0	0	0	0	0	0	0	0	0	0	0	0	227.72975372803	75.2924480886165	66.0934219799315	0	0	0	0	157.013502302614	0	0	295.930296500568	142.697114915335	31831.2268498883	37063.2163821941	33450.0574790153	4480.27557096494	33707.2387308297	18255.2016494101	0	0	0	0	0	0	16729.1263638072	0	0	0	0	0	0	0	0	0	0	0	0	0	0	0	0	0	0	0	0	0	0	84.0801347361417	45.6496288403071	154.104218091562	0	0	0	0	68.2085047340479	0	0	168.161205073273	84.9030126940604	32303.5940696063	34875.2124832901	32857.3555165545	6332.15101804168	36608.22307977	13753.2467806941
TATTGTTTTTAATCAGTGAT	0	0	0	0	0	0	382.396802752825	0	0	0	0	0	0	0	0	0	0	0	0	0	0	0	0	0	0	0	0	0	0	0	0	0	0	0	0	0	0	0	0	0	0	0	151.924736628127	0	536.513459316609	723.243038904627	543.786366418371	0	0	0	0	0	0	504.558052212776	0	0	0	0	0	0	0	0	0	0	0	0	0	0	0	0	0	0	0	0	0	0	0	0	0	0	0	0	0	0	0	0	0	0	0	146.159622398627	0	226.458852017325	775.039444551458	379.363472475542
TGGAAATAGTAGTCTAAGTC	0	0	0	0	0	0	359.204895110553	0	0	0	0	0	0	0	0	0	0	0	0	0	0	0	0	0	0	0	0	0	0	0	0	0	0	0	0	0	0	0	0	0	0	883.474236812094	676.885328920621	867.563853084921	811.818823531815	907.025704609188	2767.34987820276	0	0	0	0	0	0	703.099932400228	0	0	0	0	0	0	0	0	0	0	0	0	0	0	0	0	0	0	0	0	0	0	0	0	0	0	0	0	0	0	0	0	0	0	962.633351369249	1221.46947667222	906.91789193028	1015.65430919819	646.046562967356	3257.66493857271
ATAAAGTCCTTTGTTTTAAG	0	0	0	0	0	0	493.682002989778	0	0	0	0	0	0	0	0	0	0	0	0	0	0	0	0	0	0	0	0	0	0	0	0	0	0	0	0	0	0	0	0	0	0	554.895806825572	819.894294619867	541.715636218844	533.142373224178	741.312227253329	2117.6079040815	0	0	0	0	0	0	540.278976263238	0	0	0	0	0	0	0	0	0	0	0	0	0	0	0	0	0	0	0	0	0	0	0	0	0	0	0	0	0	0	0	0	0	0	574.303550229641	1046.22233591339	522.437802878812	711.861805531871	917.667479725825	2906.93865301663
CGTTCTAAAGAGATTTTCTC	0	0	0	0	0	0	8300.72533140607	0	0	0	0	0	0	0	0	0	0	0	0	0	0	0	0	0	0	0	0	0	0	0	0	45.4916642118569	0	0	0	0	0	0	0	0	201.914093547952	204.87554311458	646.660865471716	137.114746096886	5668.63449560891	532.090046373621	23369.6515686977	0	0	0	0	0	0	13812.1598594423	0	0	0	0	0	0	0	0	0	0	0	0	0	0	0	0	0	0	0	0	0	0	0	0	128.82930798569	0	0	0	0	0	0	0	0	182.82919855998	173.398601043622	792.170712788606	185.74512810156	9267.24872957948	769.953315831279	27466.2324240586
ACTGTCTATGGCTGTATCGA	0	0	0	0	0	0	148.410230687568	0	0	0	0	0	0	0	0	0	0	0	0	0	0	0	0	0	0	0	0	0	0	0	0	0	0	0	0	0	0	0	0	0	0	89.0660785477988	0	73.6148841749674	0	90.7025704609188	0	0	0	0	0	0	0	102.489976854087	0	0	0	0	0	0	0	0	0	0	0	0	0	0	0	0	0	0	0	0	0	0	0	0	0	0	0	0	0	0	0	0	0	0	93.2176112064182	0	70.0692443425485	0	45.666942976922	0
ATTGACGGTTGTGTGTGATT	0	0	0	0	0	0	4595.59335776574	0	0	0	0	0	0	0	0	0	0	0	0	0	0	0	0	0	0	0	0	0	0	0	0	0	0	0	0	0	0	0	0	125.459781585926	0	13014.8396339337	13367.9502999265	11531.2859243846	3592.35192504339	12600.881348437	2607.61733384854	0	0	0	0	0	0	9341.22931898681	0	0	0	0	0	0	0	0	0	0	0	0	0	0	0	0	0	0	0	0	0	0	0	0	0	0	0	0	0	0	0	0	58.92477998909	0	12270.460285029	14373.7725479841	11824.6353602213	3996.62358036902	14239.6453994343	2929.23550334875
TCGACTCAATATGCCCCGGG	0	0	0	0	0	0	6568.97300300146	0	0	0	0	0	0	0	0	0	0	0	0	0	0	0	0	0	0	0	0	0	0	0	0	39.33910306845	0	0	0	0	0	0	0	0	0	8168.2783385642	2744.54176503734	7787.44324348625	7130.1535478638	8546.84496517521	2185.5811998838	0	0	0	0	0	0	8468.3511574514	0	0	0	0	0	0	0	0	0	0	0	0	0	0	0	0	0	0	0	0	0	0	0	0	75.3701456034839	0	0	0	0	0	0	0	0	0	8443.57738734571	2127.82417110887	8271.01532136562	7770.53988608847	7749.42050597241	526.564953578169
TTACTCCTTTGTTGTGGAGG	0	0	0	0	0	0	392.464607620789	0	0	0	0	0	0	0	0	0	0	0	0	0	0	0	0	0	0	0	0	0	0	0	0	0	0	0	0	0	0	0	0	0	0	102.261053147473	297.073487350304	111.506078646706	0	113.17017965766	0	0	0	0	0	0	0	415.359581982117	0	0	0	0	0	0	0	0	0	0	0	0	0	0	0	0	0	0	0	0	0	0	0	0	0	0	0	0	0	0	0	0	0	0	111.330439126477	152.24530886406	102.496418314337	0	112.544124872035	0
CATTCGTATTATGTTGTGGA	0	0	0	0	0	0	189.220796848777	0	0	0	0	0	0	0	0	0	0	0	0	0	0	0	0	0	0	0	0	0	0	0	0	0	0	0	0	0	0	0	0	0	0	225.846127746204	111.892925157453	239.629693851993	0	44.5785896760741	0	0	0	0	0	0	0	60.1232994919114	0	0	0	0	0	0	0	0	0	0	0	0	0	0	0	0	0	0	0	0	0	0	0	0	0	0	0	0	0	0	0	0	0	0	225.891191512583	157.299523047217	225.757605926398	0	162.106826017605	0
GACTGGAGCGTCTGGTAACG	0	0	0	0	0	0	112.004329156093	0	0	0	0	0	0	0	0	0	0	0	0	0	0	0	0	0	0	0	0	0	0	0	0	0	0	0	0	0	0	0	0	0	0	0	0	0	785.360905412432	0	0	0	0	0	0	0	0	66.6652129081297	0	0	0	0	0	0	0	0	0	0	0	0	0	0	0	0	0	0	0	0	0	0	0	0	0	0	0	0	0	0	0	0	0	0	0	0	0	631.202892125098	0	0
CGTTCAGTTGTCTGATTGAT	0	0	0	0	0	0	2674.080885823	0	0	0	490.365310743813	0	0	410.662092202855	0	0	0	0	0	0	0	0	0	0	0	0	0	0	0	0	0	0	0	0	0	0	0	0	0	0	154.224438856378	609.560701595649	15327.9933809317	671.605366420695	4857.53075094518	9459.93335798034	20196.624275022	0	0	0	0	0	0	1480.34155018426	0	0	0	369.45596709552	0	0	204.744591457298	0	0	0	0	0	0	0	0	0	0	0	0	0	0	0	0	0	0	0	0	0	0	0	0	0	0	161.830593755742	891.104986334621	13860.8213820078	623.322344124376	7004.87705057808	8286.60227122701	23708.3149287452
CTTATTTGGTTTCTAGAGGG	0	0	0	0	0	0	1737.23568641305	0	0	0	0	0	0	0	0	0	0	0	0	0	0	0	0	0	0	0	0	0	0	0	0	0	0	0	0	0	0	0	0	0	0	4819.22884798447	845.393399476466	4952.82867400086	867.492821118935	1180.32217838331	0	0	0	0	0	0	0	1875.66003233574	0	0	0	0	0	0	0	0	0	0	0	0	0	0	0	0	0	0	0	0	0	0	0	0	0	0	0	0	0	0	0	0	0	0	4942.84076055418	690.158104071427	4857.91303638765	458.80085945227	1185.50085382033	0
TACGCTTTCTATTAAATTTA	0	0	0	0	0	0	652.87916746445	0	0	0	0	0	0	0	0	0	0	0	0	0	0	0	0	0	0	0	0	0	0	0	0	0	0	0	0	0	0	0	0	0	0	1225.3654536715	1655.30203065599	1071.30930132491	327.914738081934	1142.99503929454	0	0	0	0	0	0	0	777.449297575027	0	0	0	0	0	0	0	0	0	0	0	0	0	0	0	0	0	0	0	0	0	0	0	0	0	0	0	0	0	0	0	0	0	0	1404.49405795413	1457.05774594425	1288.64830833502	164.81361481532	933.899805428523	0
TTAAGTAAAGTTGTTTGACG	0	0	0	0	0	0	610.090996775606	0	0	0	0	0	0	0	0	0	0	0	0	0	0	0	0	0	0	0	0	0	0	0	0	0	0	0	0	0	0	0	0	0	0	0	29.7786749024615	0	771.467944546655	104.373337961582	0	0	0	0	0	0	0	396.045361419948	0	0	0	0	0	0	0	0	0	0	0	0	0	0	0	0	0	0	0	0	0	0	0	0	0	0	0	0	0	0	0	0	0	0	0	73.7502681827934	0	473.977695167286	37.9836421443119	0
AGCTATCTTCTCCATGGGCG	0	0	0	0	0	0	166.478344780967	0	0	0	0	0	0	0	0	0	0	0	0	0	0	0	0	0	0	0	0	0	0	0	136.787850715968	0	0	0	0	1983.10088402609	7569.05964688597	1165.49119073831	14637.3804453155	22666.1629266345	9660.73412320292	0	0	0	0	0	0	0	0	0	0	0	0	159.809599167619	0	0	0	0	0	0	0	0	0	0	0	0	0	0	0	0	0	0	0	0	0	0	0	333.396165687636	0	0	0	0	1656.36145426479	10762.946562969	2591.96745780887	9611.27376236344	24741.981923354	6516.73528229999	0	0	0	0	0	0
GGGCATTACAAAATTAGTCG	0	0	0	0	0	0	2635.24792418943	0	0	0	0	0	0	0	0	0	0	0	0	0	0	0	0	0	0	0	0	0	0	0	0	0	0	0	0	0	0	0	0	0	0	0	59.8248229327893	0	6757.49530346415	700.537677229613	1297.03954203109	0	0	0	0	0	0	2688.41489437925	0	0	0	0	0	0	0	0	0	0	0	0	0	0	0	0	0	0	0	0	0	0	0	0	0	0	0	0	0	0	0	0	0	0	0	90.9758552968165	0	8140.4113093005	785.860995019922	1316.88790918947
ACATTACCCGGAAGCAAATG	0	0	0	0	0	0	1528.05906205813	0	0	0	0	0	0	0	0	0	0	0	0	0	0	0	0	0	0	0	0	0	0	0	0	0	0	0	0	0	0	0	0	0	0	4614.23549259668	464.244192266817	5117.71959231644	96.2291848203058	547.42508122219	1022.88998385752	0	0	0	0	0	0	2659.02820395402	0	0	0	0	0	0	0	0	0	0	0	0	0	0	0	0	0	0	0	0	0	0	0	0	0	0	0	0	0	0	0	0	0	0	4517.59309359025	259.415278992623	4950.3589270967	111.524163568773	652.106631229696	1553.38246389707
GGCACTTTTTGATAGATTTC	0	0	0	0	0	0	1799.26055568889	0	0	0	0	0	0	0	0	0	0	0	0	0	0	0	0	0	0	0	0	0	0	0	0	0	0	0	0	0	0	0	0	0	0	62.3226925288169	251.157267066569	86.0579671053054	6723.78444253984	1318.09973954216	819.252143321177	0	0	0	0	0	0	1906.60432119341	0	0	0	0	0	0	0	0	0	0	0	0	0	0	0	0	0	0	0	0	0	0	0	0	0	0	0	0	0	0	0	0	0	0	69.5671034127106	364.831746241315	80.3094045441659	6556.81934449712	1148.16650470413	1050.91078935077
CCGAAATGGCGCGGCTATTG	0	0	0	0	0	0	4329.96511325831	0	0	0	0	0	0	0	0	0	0	0	0	0	0	0	0	0	0	0	0	0	0	0	0	0	0	0	0	0	0	0	0	0	0	5121.29951649843	2293.76038687313	4992.48598346916	10122.2478402064	11565.7070580389	4007.22792113593	0	0	0	0	0	0	4982.23818587549	0	0	0	0	0	0	0	0	0	0	0	0	0	0	0	0	0	0	0	0	0	0	0	0	0	0	0	0	0	0	0	0	0	0	5381.47115387943	2778.88947568201	4947.79888704629	6022.21956959176	11009.1961535881	3417.65276512646
GGTTGTGTTACGCATTGGGG	0	0	0	0	0	0	3376.13049313367	0	0	0	0	0	0	0	0	0	0	0	0	0	0	0	0	0	0	0	0	0	0	0	0	0	0	0	0	0	0	0	0	83.0967384530157	0	8533.49638551946	13121.9641799987	8882.67537521916	1333.62208899054	3286.45250715932	4449.85347665075	0	0	0	0	0	0	4329.08524320861	0	0	0	0	0	0	0	0	0	0	0	0	0	0	0	0	0	0	0	0	0	0	0	0	0	0	0	0	0	0	0	0	54.1397050479806	0	8705.23276137561	15106.1178684006	8709.91996556272	811.10807953344	2651.17164926922	2862.027935523
TAGCGTTTAGTGATATGAAA	0	0	0	0	0	0	1117.79601368862	0	0	0	0	0	0	0	0	0	0	0	0	0	0	0	0	0	0	0	0	0	0	0	0	0	0	0	0	0	0	0	0	0	0	743.39544396377	200.694003609104	464.889633868306	473.17790242851	239.060116902894	389.036650110515	0	0	0	0	0	0	2544.59663911794	0	0	0	0	0	0	0	0	0	0	0	0	0	0	0	0	0	0	0	0	0	0	0	0	0	0	0	0	0	0	0	0	0	0	632.910662225755	224.860957536349	390.737964730233	1028.27325125337	490.973744754253	112.540974425196
ATTGCATTAGTTGCAGTTCA	0	0	0	0	0	0	205.850653103895	0	0	0	0	0	0	0	0	0	0	0	0	0	0	0	0	0	0	0	0	0	0	0	0	0	0	0	0	0	0	0	0	0	0	73.1614216642633	0	65.105421009704	0	0	0	0	0	0	0	0	0	61.3693782378577	0	0	0	0	0	0	0	0	0	0	0	0	0	0	0	0	0	0	0	0	0	0	0	0	0	0	0	0	0	0	0	0	0	0	71.6437333653288	0	66.9403065031654	0	0	0
TGGTTCGGCTATGTGGTCCC	0	0	0	0	0	0	5608.30665814499	0	0	0	0	0	0	0	0	0	0	0	0	0	0	0	0	0	0	0	0	0	0	0	0	29.9238201065698	0	0	0	0	0	0	0	0	0	5775.51106964119	823.549760700708	5021.3860470493	3552.30750843027	2832.82077861559	356.883306867935	0	0	0	0	0	0	3666.06751046966	0	0	0	0	0	0	0	0	0	0	0	0	0	0	0	0	0	0	0	0	0	0	0	0	32.8210163605039	0	0	0	0	0	0	0	0	0	5503.3001110997	606.402554750549	5358.82753958343	836.345963643805	2714.26128850037	257.206320892888
TTCATATATTAACTTCGGTT	0	0	0	0	0	0	178.164189716996	0	0	0	0	0	0	0	0	0	0	0	0	0	0	0	0	0	0	0	0	0	0	0	0	0	0	0	0	0	0	0	0	0	0	0	0	0	0	0	0	0	0	0	0	0	0	251.396386994676	0	0	0	0	0	0	0	0	0	0	0	0	0	0	0	0	0	0	0	0	0	0	0	0	0	0	0	0	0	0	0	0	0	0	0	0	0	0	0	0
TCTCGGAAGTTGGAGTATTT	0	0	0	0	0	0	0	1042.39763451308	926.403104241428	1595.00051348444	632.643531238914	632.020773995754	631.871157738951	235.575434940303	0	0	0	0	0	0	0	0	0	0	0	0	0	0	0	0	0	0	0	0	0	0	0	0	0	0	0	0	0	0	0	0	0	0	0	0	0	0	0	0	822.298223949649	694.031131445096	1468.20386310999	369.543703017414	898.223502960828	559.977119638648	384.684843460684	0	0	0	0	0	0	0	0	0	0	0	0	0	0	0	0	0	0	0	0	0	0	0	0	0	0	0	0	0	0	0	0	0
TTGGTAGTGAGCTTTACGAT	0	0	0	0	0	0	0	855.269865831789	981.82245345722	1124.6150971159	538.298614974783	0	696.779905876969	114.716021728703	0	0	0	0	0	0	0	0	0	0	0	0	0	0	0	0	0	0	0	0	0	0	0	0	0	0	0	0	0	0	0	0	0	0	0	0	0	0	0	0	857.485379784173	642.455754716637	968.410983201208	428.239034764482	0	276.438158919889	746.741166717798	0	0	0	0	0	0	0	0	0	0	0	0	0	0	0	0	0	0	0	0	0	0	0	0	0	0	0	0	0	0	0	0	0
ATGCTTTTCGCGCTTTTTTT	0	0	0	0	0	0	0	194.924759043009	144.469243682194	68.7732435885996	0	0	89.7173635713285	0	0	0	0	0	0	0	0	0	0	0	0	0	0	0	0	0	0	0	0	0	0	0	0	0	0	0	0	0	0	0	0	0	0	0	0	0	0	0	0	0	131.26421475736	105.980552888039	51.5309092927881	0	0	47.9304121423711	0	0	0	0	0	0	0	0	0	0	0	0	0	0	0	0	0	0	0	0	0	0	0	0	0	0	0	0	0	0	0	0	0	0
CGCTTAAGCTTACCATCAGA	0	0	0	0	0	0	0	6722.80499727105	6949.68112559067	1052.2222091279	3687.91614715144	0	2543.20388297605	1598.46320699212	0	0	0	0	0	0	0	0	0	0	0	0	0	0	0	0	0	0	0	0	0	0	0	0	0	0	0	0	0	0	0	0	0	0	0	0	0	0	0	0	5921.68534146716	4289.1543829029	1380.94295869983	4688.34445824823	0	2534.39450871328	1681.47311666525	0	0	0	0	0	0	0	0	0	0	0	0	0	0	0	0	0	0	0	0	0	0	0	0	0	0	0	0	0	0	0	0	0
GGACGAACTTGCATCTTGAA	0	0	0	0	0	0	0	1162.3513323857	977.9383623156	1543.98878078592	1049.20677038901	6664.26495548775	3074.66430842242	1613.58540141156	0	0	0	0	0	0	0	0	0	0	0	0	0	0	0	0	0	0	0	0	0	0	0	0	0	0	0	0	0	0	0	0	0	0	0	0	0	0	0	0	852.553487322191	968.886811674109	1836.18010764551	1075.64240242011	578.232369612717	2941.4085229346	1695.18077794241	0	0	0	0	0	0	0	0	0	0	0	0	0	0	0	0	0	0	0	0	0	0	0	0	0	0	0	0	0	0	0	0	0
GCGCGGCAACAAATTGCCGC	0	0	0	0	0	0	0	984.81985953422	791.123051796724	663.236702857499	373.765646086731	0	621.819391140972	80.5729421410664	0	0	0	0	0	0	0	0	0	0	0	0	0	0	0	0	0	0	0	0	0	0	0	0	0	0	0	0	0	0	0	0	0	0	0	0	0	0	0	0	800.673772385575	513.562954821796	481.856707061016	143.009552687176	0	705.149067526653	78.5470749373908	0	0	0	0	0	0	0	0	0	0	0	0	0	0	0	0	0	0	0	0	0	0	0	0	0	0	0	0	0	0	0	0	0
TTTGGCGAGAACTCAGGCGC	0	0	0	0	0	0	0	3707.76880124272	2821.9343152821	784.368523572303	3243.77223691606	0	2619.55453564581	1699.71102431602	0	0	0	0	0	0	0	0	0	0	0	0	0	0	0	0	0	0	0	0	0	0	0	0	0	0	0	0	0	0	0	0	0	0	0	0	0	0	0	0	3319.06878282791	4092.3463966612	951.755965556854	3780.89181809887	0	2695.24739390712	1877.94959497125	0	0	0	0	0	0	0	0	0	0	0	0	0	0	0	0	0	0	0	0	0	0	0	0	0	0	0	0	0	0	0	0	0
TATAGGGTTTTCGTCTGGTT	0	0	0	0	0	0	0	214.117350702629	156.500452828187	376.948084197979	0	0	173.125639597117	0	0	0	0	0	0	0	0	0	0	0	0	0	0	0	0	0	0	0	0	0	0	0	0	0	0	0	0	0	0	0	0	0	0	0	0	0	0	0	0	0	156.492741582113	105.250282067105	319.14999622771	0	0	208.191563852974	0	0	0	0	0	0	0	0	0	0	0	0	0	0	0	0	0	0	0	0	0	0	0	0	0	0	0	0	0	0	0	0	0	0
AGCTTTACTTTATGTCGGGT	0	0	0	0	0	0	0	1645.164966323	1707.10542370698	2469.77596926501	439.959256691404	1047.40397587973	1088.69186951096	433.109099544208	0	0	0	0	0	0	0	0	0	0	0	0	0	0	0	0	0	0	0	0	0	0	0	0	0	0	0	0	0	0	0	0	0	0	0	0	0	0	0	0	1548.14001263323	781.846197662403	1917.31993719492	354.365388529757	2330.50444915925	1317.00148919593	357.051938981325	0	0	0	0	0	0	0	0	0	0	0	0	0	0	0	0	0	0	0	0	0	0	0	0	0	0	0	0	0	0	0	0	0
ATCGATTTTGAAGTGAGACC	0	0	0	0	0	0	0	436.031691766978	506.731793085939	0	80.4594749591283	0	0	0	0	0	0	0	0	0	0	0	0	0	0	0	0	0	0	0	0	0	0	0	0	0	0	0	0	0	0	0	0	0	0	0	0	0	0	0	0	0	0	0	355.66532177753	288.091838858441	0	234.07943961312	0	0	0	0	0	0	0	0	0	0	0	0	0	0	0	0	0	0	0	0	0	0	0	0	0	0	0	0	0	0	0	0	0	0	0	0
ACCTATAATTTGCTTTGATG	0	0	0	0	0	0	0	362.859936064679	330.14774703767	205.814664105418	79.4133115731349	0	217.503119790324	228.723190593995	0	0	0	0	0	0	0	0	0	0	0	0	0	0	0	0	0	0	0	0	0	0	0	0	0	0	0	0	0	0	0	0	0	0	0	0	0	0	0	0	252.759488676565	194.982309189363	138.791813702951	108.792543148526	0	115.486651478841	295.476254196611	0	0	0	0	0	0	0	0	0	0	0	0	0	0	0	0	0	0	0	0	0	0	0	0	0	0	0	0	0	0	0	0	0
CTCAACAAAGATAGTTGGGT	0	0	0	0	0	0	0	508.003910490551	426.018484484477	0	0	0	0	0	0	0	0	0	0	0	0	0	0	0	0	0	0	0	0	0	0	0	0	0	0	0	0	0	0	0	0	0	0	0	0	0	0	0	0	0	0	0	0	0	368.374429275714	260.432831515568	0	0	0	0	0	0	0	0	0	0	0	0	0	0	0	0	0	0	0	0	0	0	0	0	0	0	0	0	0	0	0	0	0	0	0	0	0	0
GGATTGTCATCTTAGTCTAC	0	0	0	0	0	0	0	1161.75156389634	820.016900533163	961.478565812711	679.530672083891	1619.4625647374	422.922732925631	259.203863720674	0	0	0	0	0	0	0	0	0	0	0	0	0	0	0	0	0	0	0	0	0	0	0	0	0	0	0	0	0	0	0	0	0	0	0	0	0	0	0	0	939.99973443656	931.825567511712	1347.77527398928	697.149635369509	1475.34754108743	602.680552679073	246.955484913957	0	0	0	0	0	0	0	0	0	0	0	0	0	0	0	0	0	0	0	0	0	0	0	0	0	0	0	0	0	0	0	0	0
TCGATGTTTACCTTGGATTA	0	0	0	0	0	0	0	2112.38461953686	1895.24700924982	1200.88016283349	973.502583548035	934.733095741234	741.157386070176	1139.95354650902	632.320974399141	608.319330097725	1242.76534821297	236.581722812824	0	545.095759531464	0	0	0	0	0	0	0	0	0	0	0	0	0	0	0	0	0	0	0	0	0	0	0	0	0	0	0	0	0	0	0	0	0	0	1819.014721699	1334.38735755155	1054.67543356427	988.081952369923	999.240001266665	961.566910263617	934.949531872488	677.994994459812	576.287657920311	1252.38712508423	174.793524262009	0	769.085527269398	0	0	0	0	0	0	0	0	0	0	0	0	0	0	0	0	0	0	0	0	0	0	0	0	0	0	0
TGCTTCCAGCGGAGCATTGA	0	0	0	0	0	0	0	207.519897319635	176.205110327135	497.069771592021	150.742633345412	0	318.341586831758	146.023689862695	0	0	0	0	0	0	0	0	0	0	0	0	0	0	0	0	0	0	0	0	0	0	0	0	0	0	0	0	0	0	0	0	0	0	0	0	0	0	0	0	176.59968777327	422.279102205053	714.74225292566	250.661528851081	0	182.549779579277	728.68186693995	0	0	0	0	0	0	0	0	0	0	0	0	0	0	0	0	0	0	0	0	0	0	0	0	0	0	0	0	0	0	0	0	0
ACAATTAAAATCGTATTTTT	0	0	0	0	0	0	0	2741.54176487876	2017.5485132457	4238.77194725084	2643.74998216767	4867.0918823774	3152.0842979643	5518.06511522403	0	0	0	0	0	0	0	0	0	0	0	0	0	0	0	0	0	0	0	0	0	0	0	0	0	0	0	0	0	0	0	0	0	0	0	0	0	0	0	0	2218.59285520533	2943.99553074258	5228.10968396748	4009.88257424214	2385.12935811774	2617.03995187234	4332.92645513352	0	0	0	0	0	0	0	0	0	0	0	0	0	0	0	0	0	0	0	0	0	0	0	0	0	0	0	0	0	0	0	0	0
AGTGTGTTTGTCGTCTCTTG	0	0	0	0	0	0	0	467.819421703223	418.250302201238	174.584708938501	65.8131875552208	581.971692045823	108.216891459099	329.144012910574	0	0	0	0	0	0	0	0	0	0	0	0	0	0	0	0	0	0	0	0	0	0	0	0	0	0	0	0	0	0	0	0	0	0	0	0	0	0	0	0	413.520214120008	387.31738665284	266.33793173151	47.3773978227454	3383.41936096773	464.116295353906	387.078244636062	0	0	0	0	0	0	0	0	0	0	0	0	0	0	0	0	0	0	0	0	0	0	0	0	0	0	0	0	0	0	0	0	0
TTGGCCTCCATAAGGTATTT	0	0	0	0	0	0	0	412.640720681817	275.391535333861	0	0	0	0	0	0	0	0	0	0	0	0	0	0	0	0	0	0	0	0	0	0	0	0	0	0	0	0	0	0	0	0	0	0	0	0	0	0	0	0	0	0	0	0	0	277.798327329703	186.127775485539	0	0	0	0	0	0	0	0	0	0	0	0	0	0	0	0	0	0	0	0	0	0	0	0	0	0	0	0	0	0	0	0	0	0	0	0	0	0
TAAAGTAATGACCAAGGTTA	0	0	0	0	0	0	0	302.283318639005	170.426340579847	75.5074657270182	76.4650329398808	0	85.8677508316768	40.2864710705332	0	0	0	0	0	0	0	0	0	0	0	0	0	0	0	0	0	0	0	0	0	0	0	0	0	0	0	0	0	0	0	0	0	0	0	0	0	0	0	0	187.696445812728	125.058878084938	178.649975586876	147.835028391344	0	152.864483170114	256.093925765399	0	0	0	0	0	0	0	0	0	0	0	0	0	0	0	0	0	0	0	0	0	0	0	0	0	0	0	0	0	0	0	0	0
TCCTAATTTGCTAAGGGTGG	0	0	0	0	0	0	0	275.893505107029	248.10816341224	392.100084009421	4018.50377712535	0	770.884951115265	5926.83693312446	0	0	0	0	0	0	0	0	0	0	0	0	0	0	0	0	0	0	0	0	0	0	0	0	0	0	0	0	0	0	0	0	0	0	0	0	0	0	0	0	260.347015541152	198.451095588799	467.763999823485	3726.14460283703	0	667.278124599347	4376.87800399045	0	0	0	0	0	0	0	0	0	0	0	0	0	0	0	0	0	0	0	0	0	0	0	0	0	0	0	0	0	0	0	0	0
CGGCATGGACTTGCCCGGTA	0	0	0	0	0	0	0	0	94.0707927714222	214.316619555171	0	0	0	0	0	0	0	0	0	0	0	0	0	0	0	0	0	0	0	0	0	0	0	0	0	0	0	0	0	0	0	0	0	0	0	0	0	0	0	0	0	0	0	0	0	80.8774934184342	130.820181326166	0	0	0	0	0	0	0	0	0	0	0	0	0	0	0	0	0	0	0	0	0	0	0	0	0	0	0	0	0	0	0	0	0	0	0	0	0
ACGAGGATGGTATTTAACGG	0	0	0	0	0	0	0	0	53.9983402615414	386.796884075417	0	0	225.309278956841	0	0	0	0	0	0	0	0	0	0	0	0	0	0	0	0	0	0	0	0	0	0	0	0	0	0	0	0	0	0	0	0	0	0	0	0	0	0	0	0	0	0	106.163120593272	449.116074084935	0	0	131.266211031885	0	0	0	0	0	0	0	0	0	0	0	0	0	0	0	0	0	0	0	0	0	0	0	0	0	0	0	0	0	0	0	0	0	0
TTACAGGGATGATATATTAC	0	0	0	0	0	0	0	0	143.427170449077	235.108530407538	0	0	176.868318649556	0	0	0	0	0	0	0	0	0	0	0	0	0	0	0	0	0	0	0	0	0	0	0	0	0	0	0	0	0	0	0	0	0	0	0	0	0	0	0	0	0	0	108.17136535084	305.341990146493	0	0	219.730366776137	0	0	0	0	0	0	0	0	0	0	0	0	0	0	0	0	0	0	0	0	0	0	0	0	0	0	0	0	0	0	0	0	0	0
GCTAGCTGCATTAGTTGTAG	0	0	0	0	0	0	0	0	341.136882950545	0	137.237615089861	0	0	0	116.497549041178	0	308.343994925441	0	0	679.313331197874	38.172616136389	69441.3264456577	67414.8407173334	70966.6603264713	31970.3345360773	22770.2437740069	64361.7398664418	43631.1414991231	0	0	0	0	0	0	0	0	0	0	0	0	0	0	0	0	0	0	0	0	0	0	0	0	0	0	0	56.3221370645304	0	66.1528851080556	0	0	0	33.2217547285308	0	95.1491827244905	0	0	117.86605228828	42.7282507213886	70450.0114964986	66438.9613545245	72709.8414371782	33364.0058916294	19174.996249983	66771.2590609301	36747.5008470008	0	0	0	0	0	0	0	0	0	0	0	0	0	0	0	0	0	0	0
CTGGATAAGGCATCTACACA	0	0	0	0	0	0	0	0	34.8620863442934	0	0	0	0	0	0	0	0	0	0	0	0	0	0	0	0	0	0	0	0	0	0	0	0	0	0	0	0	0	0	0	0	0	0	0	0	0	0	0	0	0	0	0	0	0	0	30.1236713635252	0	0	0	0	0	0	0	0	0	0	0	0	0	0	0	0	0	0	0	0	0	0	0	0	0	0	0	0	0	0	0	0	0	0	0	0	0	0
GGGGAGTGGAAATTTGGCTT	0	0	0	0	0	0	0	0	101.933708984945	0	0	0	0	0	0	0	0	0	0	0	0	0	0	0	0	0	0	0	0	0	0	0	0	0	0	0	0	0	0	0	0	0	0	0	0	0	0	0	0	0	0	0	0	0	0	44.2726685191203	0	0	0	0	0	0	0	0	0	0	0	0	0	0	0	0	0	0	0	0	0	0	0	0	0	0	0	0	0	0	0	0	0	0	0	0	0	0
GTCATTGTGCTTACACAATA	0	0	0	0	0	0	0	0	39.6935167887471	218.357152838222	0	0	156.657851766384	0	0	0	0	0	0	0	0	0	0	0	0	0	0	0	0	0	0	0	0	0	0	0	0	0	0	0	0	0	0	0	0	0	0	0	0	0	0	0	0	0	0	58.604233379949	111.602853274989	0	0	32.5453415781532	0	0	0	0	0	0	0	0	0	0	0	0	0	0	0	0	0	0	0	0	0	0	0	0	0	0	0	0	0	0	0	0	0	0
TAATGTCTGGGGAAGTTTTT	0	0	0	0	0	0	0	0	169.857936998147	139.819287148916	486.656186011654	0	353.950504673537	1252.30672535968	0	0	0	0	0	0	0	0	0	0	0	0	0	0	0	0	0	0	0	0	0	0	0	0	0	0	0	0	0	0	0	0	0	0	0	0	0	0	0	0	0	111.914003308127	138.507112546638	607.30805135008	0	212.037831494028	1146.43916300585	0	0	0	0	0	0	0	0	0	0	0	0	0	0	0	0	0	0	0	0	0	0	0	0	0	0	0	0	0	0	0	0	0
ATAGCGAGGATTGTTTTTGG	0	0	0	0	0	0	0	0	144.942913333611	0	0	0	0	0	0	0	0	0	0	0	0	0	0	0	0	0	0	0	0	0	0	0	0	0	0	0	0	0	0	0	0	0	0	0	0	0	0	0	0	0	0	0	0	0	0	69.9234311044251	0	0	0	0	0	0	0	0	0	0	0	0	0	0	0	0	0	0	0	0	0	0	0	0	0	0	0	0	0	0	0	0	0	0	0	0	0	0
ACTGTTTATTCAAGGAGACT	0	0	0	0	0	0	0	0	74.7450709936074	32.8293329247905	1362.48515161285	0	142.542605054328	193.280547423438	0	0	0	0	0	0	0	0	0	0	0	0	0	0	0	0	0	0	0	0	0	0	0	0	0	0	0	0	0	0	0	0	0	0	0	0	0	0	0	0	0	51.84922828631	59.502541669573	1403.86248622546	0	54.4394804580017	380.550786885032	0	0	0	0	0	0	0	0	0	0	0	0	0	0	0	0	0	0	0	0	0	0	0	0	0	0	0	0	0	0	0	0	0
TGCCTTTTTATTATGATCCC	0	0	0	0	0	0	0	0	0	98.5721765511018	123.542385309584	0	285.619878544718	667.739397333296	0	0	0	0	0	0	0	0	0	0	0	0	0	0	0	0	0	0	0	0	0	0	0	0	0	0	0	0	0	0	0	0	0	0	0	0	0	0	0	0	0	0	132.386037685892	125.111424620805	0	270.816690829117	562.884440063795	0	0	0	0	0	0	0	0	0	0	0	0	0	0	0	0	0	0	0	0	0	0	0	0	0	0	0	0	0	0	0	0	0
GGCAGTTTTTTAACTCGACA	0	0	0	0	0	0	0	0	0	202.615908589669	39.754208667749	793.773604065823	103.404875534535	351.000309532417	0	0	0	0	0	0	0	0	0	0	0	0	0	0	0	0	0	0	0	0	0	0	0	0	0	0	0	0	0	0	0	0	0	0	0	0	0	0	0	0	0	0	206.123637171152	82.8227102679104	4338.16776972038	138.564257325167	365.537634057664	0	0	0	0	0	0	0	0	0	0	0	0	0	0	0	0	0	0	0	0	0	0	0	0	0	0	0	0	0	0	0	0	0
TGAGTGCTTTACACTACAGG	0	0	0	0	0	0	0	0	0	96.9727987932274	46.2214005084354	0	0	75.6109720971885	0	0	0	0	0	0	0	0	0	0	0	0	0	0	0	0	0	0	0	0	0	0	0	0	0	0	0	0	0	0	0	0	0	0	0	0	0	0	0	0	0	0	125.837911090676	76.5057238915444	0	0	109.878872142333	0	0	0	0	0	0	0	0	0	0	0	0	0	0	0	0	0	0	0	0	0	0	0	0	0	0	0	0	0	0	0	0	0
AATGATGATTGCATCTTCCG	0	0	0	0	0	0	0	0	0	67.5947547143764	2411.5968162395	0	647.483476071983	799.822314215572	0	0	0	0	0	0	0	0	0	0	0	0	0	0	0	0	0	0	0	0	0	0	0	0	0	0	0	0	0	0	0	0	0	0	0	0	0	0	0	0	0	0	56.5131795282787	2517.67001466945	0	659.191100328412	738.473053566494	0	0	0	0	0	0	0	0	0	0	0	0	0	0	0	0	0	0	0	0	0	0	0	0	0	0	0	0	0	0	0	0	0
CAGTGAGAGTTAGGTCTAGG	0	0	0	0	0	0	0	0	0	161.116264661664	0	0	0	0	0	0	0	0	0	0	0	0	0	0	0	0	0	0	0	0	0	0	0	0	0	0	0	0	0	0	0	0	0	0	0	0	0	0	0	0	0	0	0	0	0	0	138.507112546638	0	0	0	0	0	0	0	0	0	0	0	0	0	0	0	0	0	0	0	0	0	0	0	0	0	0	0	0	0	0	0	0	0	0	0	0	0
GGTTCTGTTGGTGTTGGTGC	0	0	0	0	0	0	0	0	0	73.4871990854926	0	0	0	57.5352240802043	0	0	0	0	0	0	0	0	0	0	0	0	0	0	0	0	0	0	0	0	0	0	0	0	0	0	0	0	0	0	0	0	0	0	0	0	0	0	0	0	0	0	51.1038575583175	0	0	0	254.788434215193	0	0	0	0	0	0	0	0	0	0	0	0	0	0	0	0	0	0	0	0	0	0	0	0	0	0	0	0	0	0	0	0	0
GTCCCTTTTTAGGTCAAGCA	0	0	0	0	0	0	0	0	0	137.546487177199	205.808869753609	0	40.8486685151937	1325.08228600323	0	0	0	0	0	0	35.4614928312478	0	0	0	0	0	0	0	0	0	0	0	0	0	0	0	0	0	0	0	0	0	0	0	0	0	0	0	0	0	0	0	0	0	0	0	58.6484382006318	308.040821769739	0	97.142913498427	1826.81784258818	0	0	0	0	0	0	39.2940174858378	0	0	0	0	0	0	0	0	0	0	0	0	0	0	0	0	0	0	0	0	0	0	0	0	0	0
GTGTACAGAAATACGGATTA	0	0	0	0	0	0	0	0	0	113.134931925432	310.330102590586	0	433.829969021311	926.706976766166	0	0	0	0	0	0	0	0	0	0	0	0	0	0	0	0	0	0	0	0	0	0	0	0	0	0	0	0	0	0	0	0	0	0	0	0	0	0	0	0	0	0	165.26902124013	156.608620580742	0	303.756521396097	1010.66804178443	0	0	0	0	0	0	0	0	0	0	0	0	0	0	0	0	0	0	0	0	0	0	0	0	0	0	0	0	0	0	0	0	0
TGAGTGCCGCCTAAGAATAA	0	0	0	0	0	0	0	0	0	69.0257769187903	0	0	0	0	0	0	0	0	0	0	0	0	0	0	0	0	0	0	0	0	0	0	0	0	0	0	0	0	0	0	0	0	0	0	0	0	0	0	0	0	0	0	0	0	0	0	52.5273633398862	0	0	0	0	0	0	0	0	0	0	0	0	0	0	0	0	0	0	0	0	0	0	0	0	0	0	0	0	0	0	0	0	0	0	0	0	0
TTTTTTGGTCGTGCCTGTAA	0	0	0	0	0	0	0	0	0	143.859820431967	1072.1272591185	3469.58611585274	725.545067737144	8970.6511286119	0	0	0	0	0	0	95.6484302053839	0	0	0	0	0	0	0	0	0	0	0	0	0	0	0	0	0	0	0	0	0	0	0	0	0	0	0	0	0	0	0	0	0	0	0	161.283205051737	1867.89777712268	1033.28161119731	576.841523910964	8111.01900142951	0	0	0	0	0	0	95.7592011494299	0	0	0	0	0	0	0	0	0	0	0	0	0	0	0	0	0	0	0	0	0	0	0	0	0	0
TCGTAGTCACTAACGAACAT	0	0	0	0	0	0	0	0	0	124.667287337474	0	0	0	232.85816563056	0	0	0	0	0	0	0	0	0	0	0	0	0	0	0	0	0	0	0	0	0	0	0	0	0	0	0	0	0	0	0	0	0	0	0	0	0	0	0	0	0	0	69.7517832968679	0	0	0	463.667082248144	0	0	0	0	0	0	0	0	0	0	0	0	0	0	0	0	0	0	0	0	0	0	0	0	0	0	0	0	0	0	0	0	0
ACACGCCCCGAGCGTCCCAT	0	0	0	0	0	0	0	0	0	138.640798274692	0	0	0	0	0	0	0	0	0	0	0	0	0	0	0	0	0	0	0	0	0	0	0	0	0	0	0	0	0	0	0	0	0	0	0	0	0	0	0	0	0	0	0	0	0	0	114.022813103655	0	0	0	0	0	0	0	0	0	0	0	0	0	0	0	0	0	0	0	0	0	0	0	0	0	0	0	0	0	0	0	0	0	0	0	0	0
GAAAGCTACACAAAGGTTTA	0	0	0	0	0	0	0	0	0	55.2206215350323	0	0	0	448.940146827056	0	0	0	0	0	0	0	0	0	0	0	0	0	0	0	0	0	0	0	0	0	0	0	0	0	0	0	0	0	0	0	0	0	0	0	0	0	0	0	0	0	0	112.599307322087	0	0	0	299.827892697298	0	0	0	0	0	0	0	0	0	0	0	0	0	0	0	0	0	0	0	0	0	0	0	0	0	0	0	0	0	0	0	0	0
TAAGGCGATGATAAGGTAGT	0	0	0	0	0	0	0	0	0	0	322.313428648328	0	0	0	0	0	0	0	0	0	0	0	0	0	0	0	0	0	0	0	0	0	0	0	0	0	0	0	0	0	0	0	0	0	0	0	0	0	0	0	0	0	0	0	0	0	0	209.425645560913	0	0	0	0	0	0	0	0	0	0	0	0	0	0	0	0	0	0	0	0	0	0	0	0	0	0	0	0	0	0	0	0	0	0	0	0
GCAAATGGATGAGCCTGTGT	0	0	0	0	0	0	0	0	0	0	442.717323799932	0	282.732668989979	193.753115999045	0	0	0	0	0	0	0	0	0	0	0	0	0	0	0	0	0	0	0	0	0	0	0	0	0	0	0	0	0	0	0	0	0	0	0	0	0	0	0	0	0	0	0	426.045636717132	0	144.678836651972	452.570404071393	0	0	0	0	0	0	0	0	0	0	0	0	0	0	0	0	0	0	0	0	0	0	0	0	0	0	0	0	0	0	0	0	0
GGATTTATCTTATCTAAGTA	0	0	0	0	0	0	0	0	0	0	168.051882095484	0	0	0	0	0	0	0	0	0	0	0	0	0	0	0	0	0	0	0	0	0	0	0	0	0	0	0	0	0	0	0	0	0	0	0	0	0	0	0	0	0	0	0	0	0	0	107.476504320117	0	0	0	0	0	0	0	0	0	0	0	0	0	0	0	0	0	0	0	0	0	0	0	0	0	0	0	0	0	0	0	0	0	0	0	0
CGATTAATATTTTAGCGAGA	0	0	0	0	0	0	0	0	0	0	53.3543326856631	0	0	0	0	0	0	0	0	0	0	15046.0255799967	15384.6844823714	11118.8737862184	13301.4822736859	33326.5722178606	15334.5490076488	15327.7584322497	0	0	0	0	0	0	0	0	0	0	0	0	0	0	0	0	0	0	0	0	0	0	0	0	0	0	0	0	0	30.1811571315267	0	0	0	0	0	0	0	0	0	0	13978.6789792173	15477.6565312952	9585.72890184622	10683.7308795287	33165.2416601894	13606.5300378543	22235.3933407715	0	0	0	0	0	0	0	0	0	0	0	0	0	0	0	0	0	0	0
TATGTGGCGTTTGCTCTGCC	0	0	0	0	0	0	0	0	0	0	70.3782641486465	0	0	0	0	0	0	0	0	0	0	0	0	0	0	0	0	0	0	0	0	0	0	0	0	0	0	0	0	0	0	0	0	0	0	0	0	0	0	0	0	0	0	0	0	0	0	49.1321162606248	0	0	0	0	0	0	0	0	0	0	0	0	0	0	0	0	0	0	0	0	0	0	0	0	0	0	0	0	0	0	0	0	0	0	0	0
CGTCGATGAAAATAATCATC	0	0	0	0	0	0	0	0	0	0	73.8020715937158	0	66.7266208206305	0	0	0	0	0	0	0	0	0	0	0	0	0	0	0	0	0	0	0	0	0	0	0	0	0	0	0	0	0	0	0	0	0	0	0	0	0	0	0	0	0	0	0	0	102.124613084584	0	57.5953923686105	0	0	0	0	0	0	0	0	0	0	0	0	0	0	0	0	0	0	0	0	0	0	0	0	0	0	0	0	0	0	0	0	0	0
CATAGTATGTCTTACAATTG	0	0	0	0	0	0	0	0	0	0	91.3966376308774	0	0	0	0	0	0	0	0	0	0	9151.24481612296	9974.14263257515	8823.47920659771	23231.1881463797	15976.9931171844	10451.1479409257	12089.5712070762	0	0	0	0	0	0	0	0	0	0	0	0	0	0	0	0	0	0	0	0	0	0	0	0	0	0	0	0	0	32.7254988664519	0	0	0	0	0	0	0	0	0	0	8885.26494445131	10596.9947316685	9445.51133511702	23824.5626818364	15901.7995536343	9761.3602874825	11851.1232872762	0	0	0	0	0	0	0	0	0	0	0	0	0	0	0	0	0	0	0
GCAAGGTTTAGAGTAAAAGT	0	0	0	0	0	0	0	0	0	0	68.5712546637488	0	0	0	0	0	0	0	0	0	0	5147.04874068763	5669.88547046935	6712.80378070727	17472.0101436011	8979.95448576149	8298.03521306456	9179.26950156318	0	0	0	0	0	0	0	0	0	0	0	0	0	0	0	0	0	0	0	0	0	0	0	0	0	0	0	0	0	32.5500270226639	0	0	0	0	0	0	0	0	0	0	4995.99283894402	5843.76138986757	6371.23748295402	21517.3548041241	10141.682462193	7195.74350457244	16071.1496704506	0	0	0	0	0	0	0	0	0	0	0	0	0	0	0	0	0	0	0
ACACTATTTGGTTGGTATAG	0	0	0	0	0	0	0	0	0	0	1177.40933805438	0	146.606085168405	197.179238172199	0	0	0	0	0	0	0	0	0	0	0	0	0	0	0	0	0	0	0	0	0	0	0	0	0	0	0	0	0	0	0	0	0	0	0	0	0	0	0	0	0	0	0	901.311125616784	0	112.330739568232	391.429883136748	0	0	0	0	0	0	0	0	0	0	0	0	0	0	0	0	0	0	0	0	0	0	0	0	0	0	0	0	0	0	0	0	0
CGTAGATTGTTTTTGTGTAG	0	0	0	0	0	0	0	0	0	0	0	732.360720900207	0	208.402741842876	73.5947689410274	0	1592.89561674175	1214.11390984825	5942.74513006902	960.640321426171	3155.53063732002	0	0	0	0	0	0	0	0	0	0	0	0	0	0	0	0	0	0	0	0	0	0	0	0	0	0	0	0	0	0	0	0	0	0	0	0	0	813.040311599481	0	146.650217473134	52.9804659956453	0	1364.88704112907	1992.8733655705	10985.3430965865	593.049335906806	5017.17515947221	0	0	0	0	0	0	0	0	0	0	0	0	0	0	0	0	0	0	0	0	0	0	0	0	0	0
TGTTCTTATAGTGCTCGGGA	0	0	0	0	0	0	0	0	0	0	0	534.582223146371	0	116.960722462838	0	0	1138.40717605783	3789.16439931559	3507.98382815371	4966.99924468014	11244.4381305395	0	0	0	0	0	0	0	0	0	0	0	0	0	0	0	0	0	0	0	0	0	0	0	0	0	0	0	0	0	0	0	0	0	0	0	0	0	755.565407390988	0	400.133160138121	0	0	1052.68578157778	3885.71258179691	8068.15039257416	5454.64254926343	10929.0878756392	0	0	0	0	0	0	0	0	0	0	0	0	0	0	0	0	0	0	0	0	0	0	0	0	0	0
TGCTGTGGGATACTTGGGCT	0	0	0	0	0	0	0	0	0	0	0	0	0	299.844761222913	281.618248862526	254.807479538289	1872.7848078584	4749.5161426047	8138.87641061243	2662.83865814065	6857.84062282094	0	0	0	0	0	0	0	0	0	0	0	0	0	0	0	0	0	0	0	0	0	0	0	0	0	0	0	0	0	0	0	0	0	0	0	0	0	0	0	191.25451210517	289.01958049544	242.630385487528	1654.5883174714	6641.01797703829	4984.06858324616	2453.63553833126	7952.00698986262	0	0	0	0	0	0	0	0	0	0	0	0	0	0	0	0	0	0	0	0	0	0	0	0	0	0
TCAGGACGTTTGTTCATGTT	0	0	0	0	0	0	0	0	0	0	0	0	0	162.445447865053	0	0	132.812975963933	126.136013015063	0	223.906862338012	518.909000604038	0	0	0	0	0	0	0	0	0	0	0	0	0	0	0	0	0	0	0	0	0	0	0	0	0	0	0	0	0	0	0	0	0	0	0	0	0	0	0	182.768817028832	0	0	155.708839023254	52.8924352458149	0	250.131598019545	198.067405213166	0	0	0	0	0	0	0	0	0	0	0	0	0	0	0	0	0	0	0	0	0	0	0	0	0	0
TAGGGTCTACATATCCGTCA	0	0	0	0	0	0	0	0	0	0	0	0	0	39.5776182071221	365.993716392822	443.633232796137	1838.81106225295	0	0	661.596928102249	44.8962019331394	0	0	0	0	0	0	0	0	0	0	0	0	0	0	0	0	0	0	0	0	0	0	0	0	0	0	0	0	0	0	0	0	0	0	0	0	0	0	0	121.628296094187	420.356896565084	439.74732750243	668.954724660653	0	0	651.982362050946	104.784046628901	0	0	0	0	0	0	0	0	0	0	0	0	0	0	0	0	0	0	0	0	0	0	0	0	0	0
TGTTTTATTTTGGTGGATTG	0	0	0	0	0	0	0	0	0	0	0	0	0	184.892455206406	0	0	1146.07635491813	2970.2883509579	293.489062223493	4749.34057807674	7892.40527606284	0	0	0	0	0	0	0	0	0	0	0	0	0	0	0	0	0	0	0	0	0	0	0	0	0	0	0	0	0	0	0	0	0	0	0	0	0	0	0	207.35557455771	0	0	941.081387252696	2769.22072048726	3412.32911301086	5107.62429337585	7929.48480910854	0	0	0	0	0	0	0	0	0	0	0	0	0	0	0	0	0	0	0	0	0	0	0	0	0	0
AGGTTGTTTTTCATAATATC	0	0	0	0	0	0	0	0	0	0	0	0	0	55.7630919216765	0	0	0	0	0	0	0	0	0	0	0	0	0	0	0	0	0	0	0	0	0	0	0	0	0	0	0	0	0	0	0	0	0	0	0	0	0	0	0	0	0	0	0	0	0	0	128.155753845217	0	0	0	0	0	0	0	0	0	0	0	0	0	0	0	0	0	0	0	0	0	0	0	0	0	0	0	0	0	0	0	0	0
AGGGGCTAGTGTGCCATTGG	0	0	0	0	0	0	0	0	0	0	0	0	0	65.5688898655306	145.429423826664	82.7453762500654	658.760961729364	229.481641468683	0	276.027887516659	1090.73912812443	0	0	0	0	0	0	0	0	0	0	0	0	0	0	0	0	0	0	0	0	0	0	0	0	0	0	0	0	0	0	0	0	0	0	0	0	0	0	0	89.426171189107	118.358554747127	127.79397473275	637.947285113966	493.284080654929	0	273.781097184184	908.793953193797	0	0	0	0	0	0	0	0	0	0	0	0	0	0	0	0	0	0	0	0	0	0	0	0	0	0
CTTCCAATCTTTCTGGAAAT	0	0	0	0	0	0	0	0	0	0	0	0	0	381.008414083489	0	0	614.896125631184	2998.16274438305	7336.27366902166	961.431232278654	19039.8936372105	0	0	0	0	0	0	0	0	0	0	0	0	0	0	0	0	0	0	0	0	0	0	0	0	0	0	0	0	0	0	0	0	0	0	0	0	0	0	0	492.17031442764	0	0	778.544195116272	3513.40663491227	6821.89277254746	851.954135229362	21382.6542469885	0	0	0	0	0	0	0	0	0	0	0	0	0	0	0	0	0	0	0	0	0	0	0	0	0	0
TAGATAACTGTGCAGTACCC	0	0	0	0	0	0	0	0	0	0	0	0	0	0	40.9226517878359	0	1245.99070380843	0	185.132247042648	451.531005682695	0	0	0	0	0	0	0	0	0	0	0	0	0	0	0	0	0	0	0	0	0	0	0	0	0	0	0	0	0	0	0	0	0	0	0	0	0	0	0	0	0	47.4596496121869	0	1165.52151826752	0	1038.84860945785	314.404833652474	0	0	0	0	0	0	0	0	0	0	0	0	0	0	0	0	0	0	0	0	0	0	0	0	0	0	0
GTGTTGCTAGGGTCTTCGGT	0	0	0	0	0	0	0	0	0	0	0	0	0	0	4475.53001434493	4690.0669339016	5175.76396131007	1012.06838517854	433.155007418903	2624.55857288046	154.967808121875	0	0	0	0	0	0	0	0	0	0	0	0	0	0	0	0	0	0	0	0	0	0	0	0	0	0	0	0	0	0	0	0	0	0	0	0	0	0	0	0	4613.56222444346	4368.31875607386	5108.05588951053	1339.06606868633	1936.53885462131	2348.07104004394	142.640478109159	0	0	0	0	0	0	0	0	0	0	0	0	0	0	0	0	0	0	0	0	0	0	0	0	0	0
TGCCTGTTGGTTTCAGGGTA	0	0	0	0	0	0	0	0	0	0	0	0	0	0	152.579887176689	165.893080099402	0	0	0	0	0	0	0	0	0	0	0	0	0	0	0	0	0	0	0	0	0	0	0	0	0	0	0	0	0	0	0	0	0	0	0	0	0	0	0	0	0	0	0	0	0	185.092633487529	180.110139293813	0	0	0	0	0	0	0	0	0	0	0	0	0	0	0	0	0	0	0	0	0	0	0	0	0	0	0	0	0	0	0
TTTGTATAAAAGAGACTAGT	0	0	0	0	0	0	0	0	0	0	0	0	0	0	63.914141636378	46.535892315677	226.061589956959	0	0	51.2510232409154	0	0	0	0	0	0	0	0	0	0	0	0	0	0	0	0	0	0	0	0	0	0	0	0	0	0	0	0	0	0	0	0	0	0	0	0	0	0	0	0	0	68.8649201515609	67.5413022351798	247.947576158525	0	0	55.0232299112762	0	0	0	0	0	0	0	0	0	0	0	0	0	0	0	0	0	0	0	0	0	0	0	0	0	0	0
TTGTATGTAAGCTAGTATTC	0	0	0	0	0	0	0	0	0	0	0	0	0	0	44.6628941555413	45.731237117135	578.700468393307	126.136013015063	0	369.276277024435	59.5362677809022	0	0	0	0	0	0	0	0	0	0	0	0	0	0	0	0	0	0	0	0	0	0	0	0	0	0	0	0	0	0	0	0	0	0	0	0	0	0	0	0	71.9643258405201	66.4075153871072	640.521910058276	174.722527704632	0	496.544121573683	130.500862950933	0	0	0	0	0	0	0	0	0	0	0	0	0	0	0	0	0	0	0	0	0	0	0	0	0	0
GTGGTCGTTTTACGGCGGGG	0	0	0	0	0	0	0	0	0	0	0	0	0	0	171.831134657526	175.012505682877	523.439375857855	55.3981655493535	0	283.620631700498	0	0	0	0	0	0	0	0	0	0	0	0	0	0	0	0	0	0	0	0	0	0	0	0	0	0	0	0	0	0	0	0	0	0	0	0	0	0	0	0	0	129.690756797384	186.26498218335	466.007114920064	56.0162837704	0	141.038747034276	0	0	0	0	0	0	0	0	0	0	0	0	0	0	0	0	0	0	0	0	0	0	0	0	0	0	0
ACAGTTCTGGATTTTTCTTT	0	0	0	0	0	0	0	0	0	0	0	0	0	0	901.948446259318	940.239599496286	1387.54797716448	375.252447336681	1598.39915056969	660.885108335014	0	0	0	0	0	0	0	0	0	0	0	0	0	0	0	0	0	0	0	0	0	0	0	0	0	0	0	0	0	0	0	0	0	0	0	0	0	0	0	0	0	975.24737131655	983.317136378361	1626.60326372891	380.896530327244	1531.4600391973	714.062297358122	0	0	0	0	0	0	0	0	0	0	0	0	0	0	0	0	0	0	0	0	0	0	0	0	0	0	0
CAAATCCGATGTAAGGTAAT	0	0	0	0	0	0	0	0	0	0	0	0	0	0	162.810550123648	151.275177325889	238.031242944535	0	648.235117953744	106.693873999992	0	0	0	0	0	0	0	0	0	0	0	0	0	0	0	0	0	0	0	0	0	0	0	0	0	0	0	0	0	0	0	0	0	0	0	0	0	0	0	0	0	196.134266254446	182.863621639132	135.559600328656	0	1700.15270112662	39.47940586355	0	0	0	0	0	0	0	0	0	0	0	0	0	0	0	0	0	0	0	0	0	0	0	0	0	0	0
GTGTCTATGCCGTGGGAGTG	0	0	0	0	0	0	0	0	0	0	0	0	0	0	1693.88976405671	1286.24133486933	314.221309566046	636.114695239965	0	290.659738287599	0	0	0	0	0	0	0	0	0	0	0	0	0	0	0	0	0	0	0	0	0	0	0	0	0	0	0	0	0	0	0	0	0	0	0	0	0	0	0	0	0	1547.95942877953	1431.48688046647	123.358116896928	560.659813605638	0	267.773361509296	0	0	0	0	0	0	0	0	0	0	0	0	0	0	0	0	0	0	0	0	0	0	0	0	0	0	0
AAAGGTGGTCCCTGAATAAC	0	0	0	0	0	0	0	0	0	0	0	0	0	0	459.939804099306	435.318462411203	1977.50135285749	3073.02039213486	5355.35862566532	4663.36856841181	2636.51319178378	0	0	0	0	0	0	0	0	0	0	0	0	0	0	0	0	0	0	0	0	0	0	0	0	0	0	0	0	0	0	0	0	0	0	0	0	0	0	0	0	433.3356578876	479.10592808552	1936.67765919578	3203.93264130622	3422.78974136998	4029.66486371022	2474.88417449419	0	0	0	0	0	0	0	0	0	0	0	0	0	0	0	0	0	0	0	0	0	0	0	0	0	0
ATATCTAGAGTTTCATACGG	0	0	0	0	0	0	0	0	0	0	0	0	0	0	210.223622490737	159.187620111552	0	96.6838237356596	0	0	0	0	0	0	0	0	0	0	0	0	0	0	0	0	0	0	0	0	0	0	0	0	0	0	0	0	0	0	0	0	0	0	0	0	0	0	0	0	0	0	0	218.50810107162	182.701652089407	0	109.760677704738	0	0	0	0	0	0	0	0	0	0	0	0	0	0	0	0	0	0	0	0	0	0	0	0	0	0	0	0	0
CCGATTTGCGCTTACTAGGG	0	0	0	0	0	0	0	0	0	0	0	0	0	0	61.2739705532918	66.1158354801981	0	0	0	0	0	0	0	0	0	0	0	0	0	0	0	0	0	0	0	0	0	0	0	0	0	0	0	0	0	0	0	0	0	0	0	0	0	0	0	0	0	0	0	0	0	72.6423208349799	77.5834143181082	0	0	0	0	0	0	0	0	0	0	0	0	0	0	0	0	0	0	0	0	0	0	0	0	0	0	0	0	0	0	0
CATGTTATGCGTGGTGTCAT	0	0	0	0	0	0	0	0	0	0	0	0	0	0	2094.97575442889	2517.36378863854	2554.12325875594	973.587697399793	780.68635058058	3161.2706773756	902.695615679836	0	0	0	0	0	0	0	0	0	0	0	0	0	0	0	0	0	0	0	0	0	0	0	0	0	0	0	0	0	0	0	0	0	0	0	0	0	0	0	0	1841.14383566951	2522.9996760609	3221.97520748119	1021.49846753931	909.112770383196	2777.0042950542	1151.26679280153	0	0	0	0	0	0	0	0	0	0	0	0	0	0	0	0	0	0	0	0	0	0	0	0	0	0
CTGGGACTTAATGTAAGTGA	0	0	0	0	0	0	0	0	0	0	0	0	0	0	134.31870385201	129.013050166228	360.953128415741	1012.33135115425	0	558.857608364673	383.786615075798	0	0	0	0	0	0	0	0	0	0	0	0	0	0	0	0	0	0	0	0	0	0	0	0	0	0	0	0	0	0	0	0	0	0	0	0	0	0	0	0	149.449468064499	130.385487528345	312.313199766269	813.265564752765	0	599.724597767792	543.886705444218	0	0	0	0	0	0	0	0	0	0	0	0	0	0	0	0	0	0	0	0	0	0	0	0	0	0
AATGATTTGAGGGATAGAGT	0	0	0	0	0	0	0	0	0	0	0	0	0	0	319.790722438814	198.347506440594	58.2714244245428	62.7612128692042	0	0	0	0	0	0	0	0	0	0	0	0	0	0	0	0	0	0	0	0	0	0	0	0	0	0	0	0	0	0	0	0	0	0	0	0	0	0	0	0	0	0	0	265.192899261567	267.087787495951	57.7611509245142	100.176142458852	0	0	0	0	0	0	0	0	0	0	0	0	0	0	0	0	0	0	0	0	0	0	0	0	0	0	0	0	0
AAGTTTGTGCTTTTGGAACG	0	0	0	0	0	0	0	0	0	0	0	0	0	0	177.331491080622	150.33641292759	26.6629395890897	145.24487391658	0	0	0	0	0	0	0	0	0	0	0	0	0	0	0	0	0	0	0	0	0	0	0	0	0	0	0	0	0	0	0	0	0	0	0	0	0	0	0	0	0	0	0	159.909962264736	157.596371882086	36.1566894353064	143.342049344027	0	0	0	0	0	0	0	0	0	0	0	0	0	0	0	0	0	0	0	0	0	0	0	0	0	0	0	0	0
GTATGCATACATAGTCGATC	0	0	0	0	0	0	0	0	0	0	0	0	0	0	173.81126296984	137.596038950676	81.2789610054509	0	0	0	44.5708671365224	0	0	0	0	0	0	0	0	0	0	0	0	0	0	0	0	0	0	0	0	0	0	0	0	0	0	0	0	0	0	0	0	0	0	0	0	0	0	0	0	119.908257591607	149.335924846129	40.7462382490759	0	0	0	48.6383265221041	0	0	0	0	0	0	0	0	0	0	0	0	0	0	0	0	0	0	0	0	0	0	0	0	0	0
AAGTGAATTCCGTGAGTTGA	0	0	0	0	0	0	0	0	0	0	0	0	0	0	0	0	155.462139700902	0	0	82.3338197435076	0	0	0	0	0	0	0	0	0	0	0	0	0	0	0	0	0	0	0	0	0	0	0	0	0	0	0	0	0	0	0	0	0	0	0	0	0	0	0	0	0	0	0	135.783480758596	0	0	40.719097352019	0	0	0	0	0	0	0	0	0	0	0	0	0	0	0	0	0	0	0	0	0	0	0	0	0	0	0
AACGTTTCTGCGTGATGACC	0	0	0	0	0	0	0	0	0	0	0	0	0	0	0	0	77.3368597221177	0	0	0	0	0	0	0	0	0	0	0	0	0	0	0	0	0	0	0	0	0	0	0	0	0	0	0	0	0	0	0	0	0	0	0	0	0	0	0	0	0	0	0	0	0	0	72.0894984406728	0	0	0	0	0	0	0	0	0	0	0	0	0	0	0	0	0	0	0	0	0	0	0	0	0	0	0	0	0	0
TTTATATAGCTTACACAGTT	0	0	0	0	0	0	0	0	0	0	0	0	0	0	0	0	118.621411343934	0	0	80.9101802090377	0	0	0	0	0	0	0	0	0	0	0	0	0	0	0	0	0	0	0	0	0	0	0	0	0	0	0	0	0	0	0	0	0	0	0	0	0	0	0	0	0	0	0	213.358049732799	0	0	64.7500400515712	0	0	0	0	0	0	0	0	0	0	0	0	0	0	0	0	0	0	0	0	0	0	0	0	0	0	0
CGTTCCAGAGTGTTTGGATC	0	0	0	0	0	0	0	0	0	0	0	0	0	0	0	0	209.50476456696	739.723289669294	0	529.514815737544	2612.43841683412	0	0	0	0	0	0	0	0	0	0	0	0	0	0	0	0	0	0	0	0	0	0	0	0	0	0	0	0	0	0	0	0	0	0	0	0	0	0	0	0	0	0	137.574524198116	1629.29999524323	0	220.760445831204	3186.08991781001	0	0	0	0	0	0	0	0	0	0	0	0	0	0	0	0	0	0	0	0	0	0	0	0	0	0
AGATGAGGCGTCGTATGGGA	0	0	0	0	0	0	0	0	0	0	0	0	0	0	0	0	284.619712656654	3584.48921488878	2047.20872299588	1334.89933682125	5216.09279415959	0	0	0	0	0	0	0	0	0	0	0	0	0	0	0	0	0	0	0	0	0	0	0	0	0	0	0	0	0	0	0	0	0	0	0	0	0	0	0	0	0	0	280.746059144732	5340.21905277813	1179.52602532193	1520.33856928159	5681.41975993911	0	0	0	0	0	0	0	0	0	0	0	0	0	0	0	0	0	0	0	0	0	0	0	0	0	0
CGGGTCCCTATTTGTTAATG	0	0	0	0	0	0	0	0	0	0	0	0	0	0	0	0	145.857747483327	320.292558413509	0	255.938751863584	730.81039813388	0	0	0	0	0	0	0	0	0	0	0	0	0	0	0	0	0	0	0	0	0	0	0	0	0	0	0	0	0	0	0	0	0	0	0	0	0	0	0	0	0	0	318.469911589618	477.309855245119	0	219.425393459006	656.817072771402	0	0	0	0	0	0	0	0	0	0	0	0	0	0	0	0	0	0	0	0	0	0	0	0	0	0
CGAGAAGGTCAAGTGGTAAG	0	0	0	0	0	0	0	0	0	0	0	0	0	0	0	0	118.048014793631	0	0	33.5346201452903	0	0	0	0	0	0	0	0	0	0	0	0	0	0	0	0	0	0	0	0	0	0	0	0	0	0	0	0	0	0	0	0	0	0	0	0	0	0	0	0	0	0	0	128.059605925667	0	0	84.0129385647043	0	0	0	0	0	0	0	0	0	0	0	0	0	0	0	0	0	0	0	0	0	0	0	0	0	0	0
TTGGGTTCACCATTTAGATT	0	0	0	0	0	0	0	0	0	0	0	0	0	0	0	0	105.003243274238	611.220582872851	0	313.517061924365	434.213508551425	0	0	0	0	0	0	0	0	0	0	0	0	0	0	0	0	0	0	0	0	0	0	0	0	0	0	0	0	0	0	0	0	0	0	0	0	0	0	0	0	0	0	175.074496213063	231.164790819293	0	304.678023512179	316.109189449077	0	0	0	0	0	0	0	0	0	0	0	0	0	0	0	0	0	0	0	0	0	0	0	0	0	0
ATTCCTTATATGGACTAATA	0	0	0	0	0	0	0	0	0	0	0	0	0	0	0	0	61.640129157573	34.7115087935822	0	156.204893365444	0	0	0	0	0	0	0	0	0	0	0	0	0	0	0	0	0	0	0	0	0	0	0	0	0	0	0	0	0	0	0	0	0	0	0	0	0	0	0	0	0	0	0	97.8357478837702	31.0254955737196	0	188.909910665924	0	0	0	0	0	0	0	0	0	0	0	0	0	0	0	0	0	0	0	0	0	0	0	0	0	0	0
CTAATAAAAGTCAATCCGCA	0	0	0	0	0	0	0	0	0	0	0	0	0	0	0	0	66.5856744039364	290.928024459342	0	172.655839097096	634.29440847085	0	0	0	0	0	0	0	0	0	0	0	0	0	0	0	0	0	0	0	0	0	0	0	0	0	0	0	0	0	0	0	0	0	0	0	0	0	0	0	0	0	0	62.2387595233138	617.386062949808	0	254.518198671051	525.59741681768	0	0	0	0	0	0	0	0	0	0	0	0	0	0	0	0	0	0	0	0	0	0	0	0	0	0
CTAGGCTGGTTTTTTACCAT	0	0	0	0	0	0	0	0	0	0	0	0	0	0	0	0	421.231440766344	60.6574850635326	670.968268877363	287.337912707169	0	0	0	0	0	0	0	0	0	0	0	0	0	0	0	0	0	0	0	0	0	0	0	0	0	0	0	0	0	0	0	0	0	0	0	0	0	0	0	0	0	0	0	357.872867259054	64.464874098255	461.470018877226	233.252721599622	0	0	0	0	0	0	0	0	0	0	0	0	0	0	0	0	0	0	0	0	0	0	0	0	0	0	0
TTGGCTACGGAATTGTATAT	0	0	0	0	0	0	0	0	0	0	0	0	0	0	0	0	117.187919968176	0	0	73.3174360251984	144.665539562338	0	0	0	0	0	0	0	0	0	0	0	0	0	0	0	0	0	0	0	0	0	0	0	0	0	0	0	0	0	0	0	0	0	0	0	0	0	0	0	0	0	0	112.611856259809	0	0	116.149556381169	202.539895008302	0	0	0	0	0	0	0	0	0	0	0	0	0	0	0	0	0	0	0	0	0	0	0	0	0	0
TTAGTCGCGAATAGTGCCCA	0	0	0	0	0	0	0	0	0	0	0	0	0	0	0	0	192.374542626658	342.819976999243	0	214.495023193461	203.442692817801	0	0	0	0	0	0	0	0	0	0	0	0	0	0	0	0	0	0	0	0	0	0	0	0	0	0	0	0	0	0	0	0	0	0	0	0	0	0	0	0	0	0	399.73850765783	437.977762458298	0	267.678000625567	58.3020991151658	0	0	0	0	0	0	0	0	0	0	0	0	0	0	0	0	0	0	0	0	0	0	0	0	0	0
TTAATATAGTTGTGACATGC	0	0	0	0	0	0	0	0	0	0	0	0	0	0	0	0	632.599744121789	664.427365291296	560.977933869672	345.548951449937	865.390559001092	0	0	0	0	0	0	0	0	0	0	0	0	0	0	0	0	0	0	0	0	0	0	0	0	0	0	0	0	0	0	0	0	0	0	0	0	0	0	0	0	0	0	761.081521580954	902.579233932947	1657.10781661436	494.827625666573	455.794629657879	0	0	0	0	0	0	0	0	0	0	0	0	0	0	0	0	0	0	0	0	0	0	0	0	0	0
GGTTTTATAAGAAACGTAGT	0	0	0	0	0	0	0	0	0	0	0	0	0	0	0	0	115.252706610904	0	0	0	0	0	0	0	0	0	0	0	0	0	0	0	0	0	0	0	0	0	0	0	0	0	0	0	0	0	0	0	0	0	0	0	0	0	0	0	0	0	0	0	0	0	0	221.977446285488	0	0	0	0	0	0	0	0	0	0	0	0	0	0	0	0	0	0	0	0	0	0	0	0	0	0	0	0	0	0
CCGGACCAAGTATCGGAAAC	0	0	0	0	0	0	0	0	0	0	0	0	0	0	0	0	0	63.1118341701495	0	74.18743796293	976.65505944409	0	0	0	0	0	0	0	0	0	0	0	0	0	0	0	0	0	0	0	0	0	0	0	0	0	0	0	0	0	0	0	0	0	0	0	0	0	0	0	0	0	0	0	140.360193934196	0	42.3402323754015	502.51617483921	0	0	0	0	0	0	0	0	0	0	0	0	0	0	0	0	0	0	0	0	0	0	0	0	0	0
ACGGTTCAAAGCTTTTAATC	0	0	0	0	0	0	0	0	0	0	0	0	0	0	0	0	0	56.099408151244	0	0	0	0	0	0	0	0	0	0	0	0	0	0	0	0	0	0	0	0	0	0	0	0	0	0	0	0	0	0	0	0	0	0	0	0	0	0	0	0	0	0	0	0	0	0	157.115381475152	0	0	0	0	0	0	0	0	0	0	0	0	0	0	0	0	0	0	0	0	0	0	0	0	0	0	0	0	0
TTTGGGTGGATAGCATCGCG	0	0	0	0	0	0	0	0	0	0	0	0	0	0	0	0	0	37.8671005020897	0	0	0	0	0	141.191273940334	0	0	119.119486678409	389.395826449432	29037.0088892501	27576.0622600611	34393.9647781139	9843.07240259377	1925.12720240347	25705.9773560981	7872.52419032937	0	0	0	0	0	0	0	0	0	0	0	0	0	0	0	0	0	0	0	0	0	0	0	0	0	0	0	0	0	70.4285849179173	0	0	0	0	0	84.9893171093564	0	0	383.226227980198	76.7306649537093	28006.4995770823	28426.2330020377	33870.7423065629	9967.31535905374	2219.12127810363	26038.1832642936	10437.0809695719	0	0	0	0	0	0	0	0	0	0	0	0
GGAGGGGTGAATATGCCTGT	0	0	0	0	0	0	0	0	0	0	0	0	0	0	0	0	0	0	0	31.2409786730889	0	0	0	0	0	0	0	0	0	0	0	0	0	0	0	0	0	0	0	0	0	0	0	0	0	0	0	0	0	0	0	0	0	0	0	0	0	0	0	0	0	0	0	0	0	0	57.9794173068561	0	0	0	0	0	0	0	0	0	0	0	0	0	0	0	0	0	0	0	0	0	0	0	0	0	0	0
CAGTTCCGTTATGGGGTATA	0	0	0	0	0	0	0	0	0	0	0	0	0	0	0	0	0	0	0	0	0	195.01368328054	169.516537807578	0	0	0	0	0	0	0	0	0	0	0	0	0	0	0	0	0	0	0	0	0	0	0	0	0	0	0	0	0	0	0	0	0	0	0	0	0	0	0	0	0	0	0	0	0	162.280054704726	188.036359218476	0	0	0	0	0	0	0	0	0	0	0	0	0	0	0	0	0	0	0	0	0	0	0	0
CATCCTATGTTTCGGCGGTT	0	0	0	0	0	0	0	0	0	0	0	0	0	0	0	0	0	0	0	0	0	176.207742954139	135.125597510507	0	55.6869990847342	0	0	0	0	0	0	0	0	0	0	0	0	0	0	0	0	0	0	0	0	0	0	0	0	0	0	0	0	0	0	0	0	0	0	0	0	0	0	0	0	0	0	0	167.197632120021	173.678223125435	0	130.531860079006	0	0	0	0	0	0	0	0	0	0	0	0	0	0	0	0	0	0	0	0	0	0
TATGGGATTATTTCTGTTTT	0	0	0	0	0	0	0	0	0	0	0	0	0	0	0	0	0	0	0	0	0	77.5745038464025	107.022553014019	154.115518359743	261.014959812549	542.40054597996	217.950074371884	0	0	0	0	0	0	0	0	0	0	0	0	0	0	0	0	0	0	0	0	0	0	0	0	0	0	0	0	0	0	0	0	0	0	0	0	0	0	0	0	0	80.143221119533	98.1599496360765	179.010599974237	371.401656109963	586.63903017741	270.028853336867	0	0	0	0	0	0	0	0	0	0	0	0	0	0	0	0	0	0	0	0
AGGACAAGTCGAGCTAGAAG	0	0	0	0	0	0	0	0	0	0	0	0	0	0	0	0	0	0	0	0	0	348.399634067744	287.446665169549	0	62.1124220560497	0	0	0	0	0	0	0	0	0	0	0	0	0	0	0	0	0	0	0	0	0	0	0	0	0	0	0	0	0	0	0	0	0	0	0	0	0	0	0	0	0	0	0	315.256584569705	302.211152958328	0	60.061310419128	0	0	0	0	0	0	0	0	0	0	0	0	0	0	0	0	0	0	0	0	0	0
TGGTGTACAGTTAAGTTCAA	0	0	0	0	0	0	0	0	0	0	0	0	0	0	0	0	0	0	0	0	0	48.7779077216016	0	0	0	0	0	0	0	0	0	0	0	0	0	0	0	0	0	0	0	0	0	0	0	0	0	0	0	0	0	0	0	0	0	0	0	0	0	0	0	0	0	0	0	0	0	0	46.3847167010233	0	0	0	0	0	0	0	0	0	0	0	0	0	0	0	0	0	0	0	0	0	0	0	0	0
GAGGACTGTATATCGGCGTC	0	0	0	0	0	0	0	0	0	0	0	0	0	0	0	0	0	0	0	0	0	328.026532047477	346.860864264862	148.872664491492	90.9554318383992	0	0	0	0	0	0	0	0	0	0	0	0	0	0	0	0	0	0	0	0	0	0	0	0	0	0	0	0	0	0	0	0	0	0	0	0	0	0	0	0	0	0	0	328.281519345351	338.382611192719	48.713389074875	45.5924678744854	0	0	0	0	0	0	0	0	0	0	0	0	0	0	0	0	0	0	0	0	0	0
TTTCTATCTAAAGTTTCACG	0	0	0	0	0	0	0	0	0	0	0	0	0	0	0	0	0	0	0	0	0	0	0	80.4717105359416	0	0	0	352.794652161757	0	0	0	0	0	0	0	0	0	0	0	0	0	0	0	0	0	0	0	0	0	0	0	0	0	0	0	0	0	0	0	0	0	0	0	0	0	0	0	0	0	0	58.0414848551702	0	0	0	511.324180651858	0	0	0	0	0	0	0	0	0	0	0	0	0	0	0	0	0	0	0
GTCGGTGGGGGGATTGGTCA	0	0	0	0	0	0	0	0	0	0	0	0	0	0	0	0	0	0	0	0	0	0	0	112.172687413737	0	0	86.009995083365	383.295630734819	18687.5232005693	17660.4162858113	26496.9301573849	8057.89746477193	1792.82243044009	20185.9953402749	8208.28114461894	0	0	0	0	0	0	0	0	0	0	0	0	0	0	0	0	0	0	0	0	0	0	0	0	0	0	0	0	0	0	0	0	0	0	0	76.2534813786037	0	0	254.379973088495	75.9297185554451	17716.4225615457	17404.0680750198	26095.5590348437	10151.4221682782	2282.80952377462	21727.6591634611	9963.96181084039	0	0	0	0	0	0	0	0	0	0	0	0
CTTGATGACCGTGCTTAGTG	0	0	0	0	0	0	0	0	0	0	0	0	0	0	0	0	0	0	0	0	0	0	0	998.702698484693	247.164603629936	829.390012162054	537.469115441346	3185.3188623135	0	0	0	0	0	0	0	0	0	0	0	0	0	0	0	0	0	0	0	0	0	0	0	0	0	0	0	0	0	0	0	0	0	0	0	0	0	0	0	0	0	0	746.247662423617	292.499622665078	801.458188446311	527.607137717	3357.56730152348	0	0	0	0	0	0	0	0	0	0	0	0	0	0	0	0	0	0	0
AAAACGGGAAAATGTAGATC	0	0	0	0	0	0	0	0	0	0	0	0	0	0	0	0	0	0	0	0	0	0	0	329.568232694924	11886.0329866937	8090.98711490476	355.117968122779	4522.78677274229	0	0	0	0	0	0	0	0	0	0	0	0	0	0	0	0	0	0	0	0	0	0	0	0	0	0	0	0	0	0	0	0	0	0	0	0	0	0	0	0	0	0	287.098059015753	9337.50396852246	8953.4952431602	447.649355426049	4088.75126849886	0	0	0	0	0	0	0	0	0	0	0	0	0	0	0	0	0	0	0
TGATAGGTCATTTGGACTGT	0	0	0	0	0	0	0	0	0	0	0	0	0	0	0	0	0	0	0	0	0	0	0	0	0	83.0424065116701	0	1791.93249116743	0	0	0	0	0	0	0	0	0	0	0	0	0	0	0	0	0	0	0	0	0	0	0	0	0	0	0	0	0	0	0	0	0	0	0	0	0	0	0	0	0	0	0	0	297.728626039209	0	525.100458702002	0	0	0	0	0	0	0	0	0	0	0	0	0	0	0	0	0	0	0
TCAGTCTGTCATAGATTAGA	0	0	0	0	0	0	0	0	0	0	0	0	0	0	0	0	0	0	0	0	0	0	0	0	0	0	0	232.824136441044	74.3516470482286	86.704447520305	198.086152693873	1811.4631536164	9166.35148539581	911.640299888221	4562.61269321294	0	0	0	0	0	0	0	0	0	0	0	0	0	0	0	0	0	0	0	0	0	0	0	0	0	0	0	0	0	0	0	0	0	0	0	0	0	0	0	37.0037235998055	94.1993500422918	76.4128581527841	225.042411839154	2098.09028961592	9881.6453993854	1022.24153955174	5205.09691945811	0	0	0	0	0	0	0	0	0	0	0	0
ATGTGTCTGGTGGATGGGAT	0	0	0	0	0	0	0	0	0	0	0	0	0	0	0	0	0	0	0	0	0	0	0	0	0	0	0	287.725897872557	8634.01637273787	9439.81614478598	5237.94975904446	6577.83362728903	3386.11727597748	4419.90152212851	5753.80576163407	0	0	0	0	0	0	0	0	0	0	0	0	0	0	0	0	0	0	0	0	0	0	0	0	0	0	0	0	0	0	0	0	0	0	0	0	0	0	0	35.56202008293	9948.18145394649	9437.63775107082	5527.58019780651	7308.90395079575	3748.37206541201	4258.68269610785	5056.0384407351	0	0	0	0	0	0	0	0	0	0	0	0
AGCTTAAGAATGTGGTATGA	0	0	0	0	0	0	0	0	0	0	0	0	0	0	0	0	0	0	0	0	0	0	0	0	0	0	0	317.210177159851	9468.90739321149	10214.2801180434	7115.43199534842	6966.19074431074	5919.03290492468	5282.64475138637	6291.98037245537	0	0	0	0	0	0	0	0	0	0	0	0	0	0	0	0	0	0	0	0	0	0	0	0	0	0	0	0	0	0	0	0	0	0	0	0	0	0	0	42.6103483876549	9946.13364198905	10165.769118809	7160.83672179244	7009.33262418118	5336.25414908033	5712.11462666797	5830.8123372621	0	0	0	0	0	0	0	0	0	0	0	0
TATATATGTCTGATCAGCTA	0	0	0	0	0	0	0	0	0	0	0	0	0	0	0	0	0	0	0	0	0	0	0	0	0	0	0	187.07266858145	825.995180871089	795.748348175812	973.972859240571	3866.23213426753	10295.7232874953	4193.44178399719	3673.54066590506	0	0	0	0	0	0	0	0	0	0	0	0	0	0	0	0	0	0	0	0	0	0	0	0	0	0	0	0	0	0	0	0	0	0	0	0	0	0	0	28.8340703375108	896.852602056715	821.828086663617	1075.07440504813	3904.97361135734	8837.93503505785	4209.79802549296	3952.01511968704	0	0	0	0	0	0	0	0	0	0	0	0
AGTTTGCAATCTTTGCTTAA	0	0	0	0	0	0	0	0	0	0	0	0	0	0	0	0	0	0	0	0	0	0	0	0	0	0	0	0	2377.8249781997	2308.76707320258	452.937292428378	750.705680119024	23.3353076763885	409.512966529334	304.357700301433	0	0	0	0	0	0	0	0	0	0	0	0	0	0	0	0	0	0	0	0	0	0	0	0	0	0	0	0	0	0	0	0	0	0	0	0	0	0	0	0	2547.03289854427	2272.24289932216	518.559266938769	506.861956259859	24.1854097484791	302.671015036964	1050.95661580649	0	0	0	0	0	0	0	0	0	0	0	0
TTCGTTGGGTGGGATAACAC	0	0	0	0	0	0	0	0	0	0	0	0	0	0	0	0	0	0	0	0	0	0	0	0	0	0	0	0	492.456108366702	452.586769737014	336.746459579584	2687.73701343496	1047.94799152222	945.516024668158	292.744277593492	0	0	0	0	0	0	0	0	0	0	0	0	0	0	0	0	0	0	0	0	0	0	0	0	0	0	0	0	0	0	0	0	0	0	0	0	0	0	0	0	528.424520322308	506.560069863185	289.926434853748	2560.49386083344	977.383710320354	1053.18868990068	166.668763129096	0	0	0	0	0	0	0	0	0	0	0	0
GCTGATATATGGGCTATATT	0	0	0	0	0	0	0	0	0	0	0	0	0	0	0	0	0	0	0	0	0	0	0	0	0	0	0	0	1232.8974738012	1582.61732522003	431.551871963418	1340.23290240546	1155.91839064875	533.413170923233	909.54606141522	0	0	0	0	0	0	0	0	0	0	0	0	0	0	0	0	0	0	0	0	0	0	0	0	0	0	0	0	0	0	0	0	0	0	0	0	0	0	0	0	1566.48711213996	1618.96494365201	567.029940257972	1913.25614484887	1226.27356336834	403.101416965543	815.654913898288	0	0	0	0	0	0	0	0	0	0	0	0
TTATGGGGTTGATGACTCAT	0	0	0	0	0	0	0	0	0	0	0	0	0	0	0	0	0	0	0	0	0	0	0	0	0	0	0	0	58.5368210881918	71.6878639889269	0	0	0	0	0	0	0	0	0	0	0	0	0	0	0	0	0	0	0	0	0	0	0	0	0	0	0	0	0	0	0	0	0	0	0	0	0	0	0	0	0	0	0	0	0	71.1392066954547	46.9133363829168	0	0	0	0	0	0	0	0	0	0	0	0	0	0	0	0	0
TGTATATGGGCGTGTTTGAG	0	0	0	0	0	0	0	0	0	0	0	0	0	0	0	0	0	0	0	0	0	0	0	0	0	0	0	0	43.6005965703793	0	77.9533068561461	651.146054343895	355.453111731166	233.918613312228	0	0	0	0	0	0	0	0	0	0	0	0	0	0	0	0	0	0	0	0	0	0	0	0	0	0	0	0	0	0	0	0	0	0	0	0	0	0	0	0	0	58.1400525308285	0	61.2936027687269	797.796173305876	318.807673957224	283.846474538084	0	0	0	0	0	0	0	0	0	0	0	0	0
TAATTGGGATCTTGTCTGAG	0	0	0	0	0	0	0	0	0	0	0	0	0	0	0	0	0	0	0	0	0	0	0	0	0	0	0	0	74.2418218679506	68.1622313337338	0	0	0	0	0	0	0	0	0	0	0	0	0	0	0	0	0	0	0	0	0	0	0	0	0	0	0	0	0	0	0	0	0	0	0	0	0	0	0	0	0	0	0	0	0	75.5019365178293	62.8976587516114	0	0	0	0	0	0	0	0	0	0	0	0	0	0	0	0	0
CTGTATTACGATTGGCGTAC	0	0	0	0	0	0	0	0	0	0	0	0	0	0	0	0	0	0	0	0	0	0	0	0	0	0	0	0	523.097333664273	505.60183855214	266.775729026027	2602.53336366111	966.238733756271	1209.16654321538	109.768350928386	0	0	0	0	0	0	0	0	0	0	0	0	0	0	0	0	0	0	0	0	0	0	0	0	0	0	0	0	0	0	0	0	0	0	0	0	0	0	0	0	564.483817833771	518.775730860398	344.552114308722	3381.47385456017	1230.01130851129	1201.41962660391	166.825997811293	0	0	0	0	0	0	0	0	0	0	0	0
GGCAAGAATTTGGGTTGCTT	0	0	0	0	0	0	0	0	0	0	0	0	0	0	0	0	0	0	0	0	0	0	0	0	0	0	0	0	0	0	35.6752175498418	148.686894299	0	0	375.242591496566	0	0	0	0	0	0	0	0	0	0	0	0	0	0	0	0	0	0	0	0	0	0	0	0	0	0	0	0	0	0	0	0	0	0	0	0	0	0	0	0	0	0	56.5491188724029	191.47108159341	0	0	337.897332041912	0	0	0	0	0	0	0	0	0	0	0	0
TGCAGTGCGGAACTGTTATT	0	0	0	0	0	0	0	0	0	0	0	0	0	0	0	0	0	0	0	0	0	0	0	0	0	0	0	0	0	0	82.4866217934188	593.908591585534	54.0922422590291	56.9775187430138	1623.64251992347	0	0	0	0	0	0	0	0	0	0	0	0	0	0	0	0	0	0	0	0	0	0	0	0	0	0	0	0	0	0	0	0	0	0	0	0	0	0	0	0	0	0	77.1940352861373	222.65559298303	90.2921963943218	88.8005810968104	2284.2268456207	0	0	0	0	0	0	0	0	0	0	0	0
ATAGGTAAGGTGGCATTGTC	0	0	0	0	0	0	0	0	0	0	0	0	0	0	0	0	0	0	0	0	0	0	0	0	0	0	0	0	0	0	44.7418474243873	0	0	0	0	0	0	0	0	0	0	0	0	0	0	0	0	0	0	0	0	0	0	0	0	0	0	0	0	0	0	0	0	0	0	0	0	0	0	0	0	0	0	0	0	0	0	51.8046349760788	0	0	0	0	0	0	0	0	0	0	0	0	0	0	0	0
TCGTCTGTGGGAGTGGGAGG	0	0	0	0	0	0	0	0	0	0	0	0	0	0	0	0	0	0	0	0	0	0	0	0	0	0	0	0	0	0	78.0518571808694	0	0	0	0	0	0	0	0	0	0	0	0	0	0	0	0	0	0	0	0	0	0	0	0	0	0	0	0	0	0	0	0	0	0	0	0	0	0	0	0	0	0	0	0	0	0	89.7605061466712	0	0	0	0	0	0	0	0	0	0	0	0	0	0	0	0
TGTCATATAGGAGTTTATAG	0	0	0	0	0	0	0	0	0	0	0	0	0	0	0	0	0	0	0	0	0	0	0	0	0	0	0	0	0	0	68.4924756827074	33.0001006782733	41.960736739194	43.4065097333141	689.149106024528	0	0	0	0	0	0	0	0	0	0	0	0	0	0	0	0	0	0	0	0	0	0	0	0	0	0	0	0	0	0	0	0	0	0	0	0	0	0	0	0	0	0	63.7299593641366	39.548870129693	41.628220415564	56.4736214966397	298.667278833696	0	0	0	0	0	0	0	0	0	0	0	0
AATTTGTGGTTTTTTCCGTG	0	0	0	0	0	0	0	0	0	0	0	0	0	0	0	0	0	0	0	0	0	0	0	0	0	0	0	0	0	0	80.5156152989524	45.2120023417021	44.101590654459	82.8763908989291	660.760739405118	0	0	0	0	0	0	0	0	0	0	0	0	0	0	0	0	0	0	0	0	0	0	0	0	0	0	0	0	0	0	0	0	0	0	0	0	0	0	0	0	0	0	83.4772707164042	119.737613703002	43.6070266677123	43.266875806326	1213.61589453955	0	0	0	0	0	0	0	0	0	0	0	0
TTACACAGCGTAACTTAGCG	0	0	0	0	0	0	0	0	0	0	0	0	0	0	0	0	0	0	0	0	0	0	0	0	0	0	0	0	0	0	0	1566.66579660752	202.025247803841	178.495026898569	0	0	0	0	0	0	0	0	0	0	0	0	0	0	0	0	0	0	0	0	0	0	0	0	0	0	0	0	0	0	0	0	0	0	0	0	0	0	0	0	0	0	0	0	1340.29757115387	158.304500171863	183.218957002187	0	0	0	0	0	0	0	0	0	0	0	0	0
TCTTAAGCTTTTGTGTTATT	0	0	0	0	0	0	0	0	0	0	0	0	0	0	0	0	0	0	0	0	0	0	0	0	0	0	0	0	0	0	0	66.8391869670111	29.7578694221835	0	339.370019132039	0	0	0	0	0	0	0	0	0	0	0	0	0	0	0	0	0	0	0	0	0	0	0	0	0	0	0	0	0	0	0	0	0	0	0	0	0	0	0	0	0	0	0	59.9142653229143	25.6511921574778	0	43.789858991937	0	0	0	0	0	0	0	0	0	0	0	0
AGCACTGTAGGTGGGTGCGT	0	0	0	0	0	0	0	0	0	0	0	0	0	0	0	0	0	0	0	0	0	0	0	0	0	0	0	0	0	0	0	56.6781390180512	0	0	0	0	0	0	0	0	0	0	0	0	0	0	0	0	0	0	0	0	0	0	0	0	0	0	0	0	0	0	0	0	0	0	0	0	0	0	0	0	0	0	0	0	0	0	45.0038866993059	0	0	0	0	0	0	0	0	0	0	0	0	0	0	0
TTTTGCTATATTCGTAGTAG	0	0	0	0	0	0	0	0	0	0	0	0	0	0	0	0	0	0	0	0	0	0	0	0	0	0	0	0	0	0	0	0	53.093177098572	0	0	0	0	0	0	0	0	0	0	0	0	0	0	0	0	0	0	0	0	0	0	0	0	0	0	0	0	0	0	0	0	0	0	0	0	0	0	0	0	0	0	0	0	0	0	105.536333447909	0	0	0	0	0	0	0	0	0	0	0	0	0	0
TCTTGTTTATTAGTGTTAGG	0	0	0	0	0	0	0	0	0	0	0	0	0	0	0	0	0	0	0	0	0	0	0	0	0	0	0	0	0	0	0	0	0	0	0	882.485972793461	129.216853569616	622.036186245181	581.965103992729	213.546397715654	110.160313468841	0	0	0	0	0	0	0	0	0	0	0	0	0	0	0	0	0	0	0	0	0	0	0	0	0	0	0	0	0	0	0	0	0	0	0	0	0	0	0	0	0	907.537223869077	137.416808397422	897.037387242022	545.394467232029	422.727191940293	334.160489913603	0	0	0	0	0	0
ATTTAGAAGTGCATATATGT	0	0	0	0	0	0	0	0	0	0	0	0	0	0	0	0	0	0	0	0	0	0	0	0	0	0	0	0	0	0	0	0	0	0	0	59.4160207639944	98.6298076665089	0	50.3676289438675	0	0	0	0	0	0	0	0	0	0	0	0	0	0	0	0	0	0	0	0	0	0	0	0	0	0	0	0	0	0	0	0	0	0	0	0	0	0	0	0	0	0	0	53.0103518615115	106.756307898078	0	120.265525605573	0	0	0	0	0	0	0	0
ATTGAGGATCTGTTCGTGTT	0	0	0	0	0	0	0	0	0	0	0	0	0	0	0	0	0	0	0	0	0	0	0	0	0	0	0	0	0	0	0	0	0	0	0	299.349747177942	3364.68237230982	346.224018610514	0	1351.64584495941	6847.69523242897	0	0	0	0	0	0	0	0	0	0	0	0	0	0	0	0	0	0	0	0	0	0	0	0	0	0	0	0	0	0	0	0	0	0	0	0	0	0	0	0	0	374.253084142271	3778.6845090043	334.003282483731	0	864.868116498802	2862.27136254697	0	0	0	0	0	0
TGCATAACGTCTGAGGTTCT	0	0	0	0	0	0	0	0	0	0	0	0	0	0	0	0	0	0	0	0	0	0	0	0	0	0	0	0	0	0	0	0	0	0	0	356.090831127186	1243.22926225118	429.084373626288	4770.47143005743	3120.8120669499	507.574102565294	0	0	0	0	0	0	0	0	0	0	0	0	0	0	0	0	0	0	0	0	0	0	0	0	0	0	0	0	0	0	0	0	0	0	0	0	0	0	0	0	0	427.687518818675	1088.00341264701	374.433341759298	7444.64832255897	2603.2174843904	1111.00791283964	0	0	0	0	0	0
GATTATGTGTCTGGTAACTG	0	0	0	0	0	0	0	0	0	0	0	0	0	0	0	0	0	0	0	0	0	0	0	0	0	0	0	0	0	0	0	0	0	0	0	198.593793822355	2868.09899899868	276.979214888411	0	940.235522226341	5598.56094375317	0	0	0	0	0	0	0	0	0	0	0	0	0	0	0	0	0	0	0	0	0	0	0	0	0	0	0	0	0	0	0	0	0	0	0	0	0	0	0	0	0	188.398790515812	3278.78504434108	273.394617047207	0	692.878851472641	4486.93745444413	0	0	0	0	0	0
TTGATCATAATTGGCACAAG	0	0	0	0	0	0	0	0	0	0	0	0	0	0	0	0	0	0	0	0	0	0	0	0	0	0	0	0	0	0	0	0	0	0	0	392.405124854702	1405.60891295785	496.7731143434	5395.57750318904	909.17607954476	5887.48774059803	0	0	0	0	0	0	0	0	0	0	0	0	0	0	0	0	0	0	0	0	0	0	0	0	0	0	0	0	0	0	0	0	0	0	0	0	0	0	0	0	0	672.383303011412	1332.28761771244	520.564330780533	6528.48899242779	1004.72902120609	5357.77382483529	0	0	0	0	0	0
TCTTTTTTTGGTCTGTACTT	0	0	0	0	0	0	0	0	0	0	0	0	0	0	0	0	0	0	0	0	0	0	0	0	0	0	0	0	0	0	0	0	0	0	0	271.060263894676	123.6360592294	492.493941079674	52.0100516268197	0	0	0	0	0	0	0	0	0	0	0	0	0	0	0	0	0	0	0	0	0	0	0	0	0	0	0	0	0	0	0	0	0	0	0	0	0	0	0	0	0	0	0	353.791088323728	156.412988054625	349.883918379359	86.484111659572	0	0	0	0	0	0	0	0
TATTGGGTTAATCTACATTT	0	0	0	0	0	0	0	0	0	0	0	0	0	0	0	0	0	0	0	0	0	0	0	0	0	0	0	0	0	0	0	0	0	0	0	8781.49332805911	1789.39584681578	8437.75164456409	3455.10985070378	1273.74265265971	9573.07068387709	0	0	0	0	0	0	0	0	0	0	0	0	0	0	0	0	0	0	0	0	0	0	0	0	0	0	0	0	0	0	0	0	0	0	0	0	0	0	0	0	0	12349.3975903614	1929.61193360002	14379.1873339545	3091.18397394955	1071.72007038162	11839.3768260205	0	0	0	0	0	0
TCTTTGGTTCGTGCCATATA	0	0	0	0	0	0	0	0	0	0	0	0	0	0	0	0	0	0	0	0	0	0	0	0	0	0	0	0	0	0	0	0	0	0	0	54.0661471344942	0	0	0	0	0	0	0	0	0	0	0	0	0	0	0	0	0	0	0	0	0	0	0	0	0	0	0	0	0	0	0	0	0	0	0	0	0	0	0	0	0	0	0	0	0	0	44.6347162673927	0	0	0	0	0	0	0	0	0	0	0
AAGGGCTTTTGAGGTTCGTA	0	0	0	0	0	0	0	0	0	0	0	0	0	0	0	0	0	0	0	0	0	0	0	0	0	0	0	0	0	0	0	0	0	0	0	764.140283413608	6984.90073162067	851.166463730116	11986.9482144128	3831.81871876235	8886.07936190684	0	0	0	0	0	0	0	0	0	0	0	0	0	0	0	0	0	0	0	0	0	0	0	0	0	0	0	0	0	0	0	0	0	0	0	0	0	0	0	0	0	1061.16122356374	6695.43125215929	899.878418434359	10726.1527215267	3924.71846669793	19094.3947858849	0	0	0	0	0	0
ATATCCCAATTTAGAACCTG	0	0	0	0	0	0	0	0	0	0	0	0	0	0	0	0	0	0	0	0	0	0	0	0	0	0	0	0	0	0	0	0	0	0	0	192.190157205226	790.86295178945	282.814451157127	5724.06203977948	2266.83014456388	0	0	0	0	0	0	0	0	0	0	0	0	0	0	0	0	0	0	0	0	0	0	0	0	0	0	0	0	0	0	0	0	0	0	0	0	0	0	0	0	0	0	263.143386640543	749.182664375276	214.679972405574	5455.14455860798	2272.91059702696	0	0	0	0	0	0	0
GGAATTCCTGTAACTCGATT	0	0	0	0	0	0	0	0	0	0	0	0	0	0	0	0	0	0	0	0	0	0	0	0	0	0	0	0	0	0	0	0	0	0	0	728.636576599653	0	884.232802586177	0	0	0	0	0	0	0	0	0	0	0	0	0	0	0	0	0	0	0	0	0	0	0	0	0	0	0	0	0	0	0	0	0	0	0	0	0	0	0	0	0	0	0	0	704.93165905438	0	875.620382869019	0	0	0	0	0	0	0	0	0
ATATTAGACGCGTGAGTCAT	0	0	0	0	0	0	0	0	0	0	0	0	0	0	0	0	0	0	0	0	0	0	0	0	0	0	0	0	0	0	0	0	0	0	0	0	170.321550344668	0	0	0	0	0	0	0	0	0	0	0	0	0	0	0	0	0	0	0	0	0	0	0	0	0	0	0	0	0	0	0	0	0	0	0	0	0	0	0	0	0	0	0	0	0	0	119.531516439472	0	0	0	0	0	0	0	0	0	0
CCGAGCGCATCTAGGCATGG	0	0	0	0	0	0	0	0	0	0	0	0	0	0	0	0	0	0	0	0	0	0	0	0	0	0	0	0	0	0	0	0	0	0	0	0	124.923934846373	0	0	0	0	0	0	0	0	0	0	0	0	0	0	0	0	0	0	0	0	0	0	0	0	0	0	0	0	0	0	0	0	0	0	0	0	0	0	0	0	0	0	0	0	0	0	197.071477847233	0	0	0	0	0	0	0	0	0	0
CGTGGATGTTTAAACTGCTG	0	0	0	0	0	0	0	0	0	0	0	0	0	0	0	0	0	0	0	0	0	0	0	0	0	0	0	0	0	0	0	0	0	0	0	0	0	0	370.311567582956	0	0	0	0	0	0	0	0	0	0	0	0	0	0	0	0	0	0	0	0	0	0	0	0	0	0	0	0	0	0	0	0	0	0	0	0	0	0	0	0	0	0	0	0	0	0	380.179355310328	0	0	0	0	0	0	0	0
TCCTGGTATGATATTTTGAT	0	0	0	0	0	0	0	0	0	0	0	0	0	0	0	0	0	0	0	0	0	0	0	0	0	0	0	0	0	0	0	0	0	0	0	0	0	0	4631.19398654308	128.005637543432	1019.42447046356	0	0	0	0	0	0	0	0	0	0	0	0	0	0	0	0	0	0	0	0	0	0	0	0	0	0	0	0	0	0	0	0	0	0	0	0	0	0	0	0	0	0	0	0	5541.16717554152	149.977920297057	1678.17215221566	0	0	0	0	0	0
GATGCTTTTTTTTCGTATCA	0	0	0	0	0	0	0	0	0	0	0	0	0	0	0	0	0	0	0	0	0	0	0	0	0	0	0	0	0	0	0	0	0	0	0	0	0	0	46.316319659252	0	0	0	0	0	0	0	0	0	0	0	0	0	0	0	0	0	0	0	0	0	0	0	0	0	0	0	0	0	0	0	0	0	0	0	0	0	0	0	0	0	0	0	0	0	0	85.0996274814571	0	0	0	0	0	0	0	0
ATTTGTGTAGTGTCACAATA	0	0	0	0	0	0	0	0	0	0	0	0	0	0	0	0	0	0	0	0	0	0	0	0	0	0	0	0	0	0	0	0	0	0	0	0	0	0	732.082537214561	0	0	0	0	0	0	0	0	0	0	0	0	0	0	0	0	0	0	0	0	0	0	0	0	0	0	0	0	0	0	0	0	0	0	0	0	0	0	0	0	0	0	0	0	0	0	434.081939311598	0	0	0	0	0	0	0	0
CTTCTTCTCCAATTTTACTT	0	0	0	0	0	0	0	0	0	0	0	0	0	0	0	0	0	0	0	0	0	0	0	0	0	0	0	0	0	0	0	0	0	0	0	0	0	0	0	0	0	56.1964543218254	52.3355753525296	58.8437405673404	0	0	0	0	0	0	0	0	0	0	0	0	0	0	0	0	0	0	0	0	0	0	0	0	0	0	0	0	0	0	0	0	0	0	0	0	0	0	0	0	0	0	0	0	78.3350965459876	37.1330021619659	57.3638603886899	0	0	0
TAAACTGTACTCGGCAAGCA	0	0	0	0	0	0	0	0	0	0	0	0	0	0	0	0	0	0	0	0	0	0	0	0	0	0	0	0	0	0	0	0	0	0	0	0	0	0	0	0	0	234.682048237057	82.0250925457023	235.455240223751	0	74.2976494601236	0	0	0	0	0	0	0	0	0	0	0	0	0	0	0	0	0	0	0	0	0	0	0	0	0	0	0	0	0	0	0	0	0	0	0	0	0	0	0	0	0	0	247.580437684373	135.019721750037	229.739890449249	0	95.013213113122	0
TGGTAAAATATCGACTTCAC	0	0	0	0	0	0	0	0	0	0	0	0	0	0	0	0	0	0	0	0	0	0	0	0	0	0	0	0	0	0	0	0	0	0	0	0	0	0	0	0	0	0	40.1209691799631	0	0	0	0	0	0	0	0	0	0	0	0	0	0	0	0	0	0	0	0	0	0	0	0	0	0	0	0	0	0	0	0	0	0	0	0	0	0	0	0	0	0	0	0	0	0	47.3445777565065	0	0	0	0
CTAGTCCGAGGGTTGGAGCA	0	0	0	0	0	0	0	0	0	0	0	0	0	0	0	0	0	0	0	0	0	0	0	0	0	0	0	0	0	0	0	0	0	0	0	0	0	0	0	0	0	0	0	42.6275937807063	0	0	0	0	0	0	0	0	0	0	0	0	0	0	0	0	0	0	0	0	0	0	0	0	0	0	0	0	0	0	0	0	0	0	0	0	0	0	0	0	0	0	0	0	0	0	56.7949625997112	0	0	0
GTCCGTAAATATTAGGTGGA	0	0	0	0	0	0	0	0	0	0	0	0	0	0	0	0	0	0	0	0	0	0	0	0	0	0	0	0	0	0	0	0	0	0	0	0	0	0	0	0	0	0	0	29.7831210784219	0	0	0	0	0	0	0	0	0	0	0	0	0	0	0	0	0	0	0	0	0	0	0	0	0	0	0	0	0	0	0	0	0	0	0	0	0	0	0	0	0	0	0	0	0	0	31.6686435864834	0	0	0
ATATTGGCATTGATACGTTA	0	0	0	0	0	0	0	0	0	0	0	0	0	0	0	0	0	0	0	0	0	0	0	0	0	0	0	0	0	0	0	0	0	0	0	0	0	0	0	0	0	0	0	26.2508910852937	0	0	0	0	0	0	0	0	0	0	0	0	0	0	0	0	0	0	0	0	0	0	0	0	0	0	0	0	0	0	0	0	0	0	0	0	0	0	0	0	0	0	0	0	0	0	32.2375413754621	0	0	0
